Date,Open,High,Low,Close,Volume,Adj Close
2016-04-19,26.940001,27.110001,26.940001,27.09,215600,27.09
2016-04-18,26.83,26.950001,26.82,26.950001,77100,26.950001
2016-04-15,26.68,26.870001,26.68,26.870001,191900,26.870001
2016-04-14,26.559999,26.74,26.549999,26.74,90800,26.74
2016-04-13,26.49,26.610001,26.469999,26.559999,98300,26.559999
2016-04-12,26.43,26.50,26.43,26.440001,95500,26.440001
2016-04-11,26.440001,26.57,26.379999,26.440001,160400,26.440001
2016-04-08,26.540001,26.559999,26.41,26.43,76800,26.43
2016-04-07,26.610001,26.620001,26.48,26.48,119300,26.48
2016-04-06,26.67,26.700001,26.610001,26.690001,91200,26.690001
2016-04-05,26.60,26.66,26.540001,26.639999,81300,26.639999
2016-04-04,26.719999,26.719999,26.540001,26.629999,141000,26.629999
2016-04-01,26.870001,26.91,26.620001,26.620001,148600,26.620001
2016-03-31,26.870001,26.889999,26.809999,26.889999,74500,26.889999
2016-03-30,26.719999,26.84,26.700001,26.82,59500,26.82
2016-03-29,26.639999,26.700001,26.60,26.700001,115300,26.700001
2016-03-28,27.07,27.120001,27.07,27.120001,79500,26.612002
2016-03-24,27.049999,27.120001,27.049999,27.120001,63300,26.612002
2016-03-23,26.940001,27.07,26.93,27.07,34000,26.562937
2016-03-22,26.879999,26.950001,26.879999,26.950001,45000,26.445186
2016-03-21,26.870001,26.93,26.870001,26.90,15900,26.396121
2016-03-18,26.879999,26.940001,26.860001,26.860001,104300,26.356872
2016-03-17,26.889999,26.93,26.83,26.93,51200,26.42556
2016-03-16,26.799999,26.889999,26.75,26.879999,51900,26.376496
2016-03-15,26.870001,26.870001,26.790001,26.790001,55000,26.288183
2016-03-14,26.90,26.950001,26.83,26.870001,56800,26.366684
2016-03-11,26.809999,26.940001,26.809999,26.940001,61600,26.435373
2016-03-10,26.83,26.889999,26.77,26.799999,51400,26.297994
2016-03-09,26.790001,26.889999,26.790001,26.870001,80900,26.366684
2016-03-08,26.879999,26.889999,26.75,26.84,76100,26.337246
2016-03-07,26.83,26.90,26.82,26.90,49000,26.396121
2016-03-04,26.799999,26.889999,26.719999,26.860001,66000,26.356872
2016-03-03,26.77,26.85,26.719999,26.76,60000,26.258744
2016-03-02,26.77,26.83,26.719999,26.76,64100,26.258744
2016-03-01,26.610001,26.90,26.440001,26.82,149900,26.31762
2016-02-29,26.450001,26.549999,26.370001,26.51,86500,26.013427
2016-02-26,26.469999,26.469999,26.280001,26.379999,66300,25.885861
2016-02-25,26.450001,26.450001,26.290001,26.32,82100,25.826986
2016-02-24,26.219999,26.35,26.18,26.309999,50300,25.817173
2016-02-23,26.40,26.42,26.25,26.35,57100,25.856424
2016-02-22,26.700001,26.700001,26.379999,26.40,72200,25.905487
2016-02-19,26.18,26.60,26.120001,26.57,102500,26.072303
2016-02-18,26.18,26.32,26.110001,26.18,87600,25.689609
2016-02-17,26.07,26.280001,26.02,26.08,96500,25.591482
2016-02-16,25.73,26.09,25.66,25.98,217400,25.493354
2016-02-12,25.67,25.82,25.42,25.440001,244800,24.96347
2016-02-11,25.52,25.83,25.42,25.60,529800,25.120473
2016-02-10,25.82,26.09,25.82,26.02,105300,25.532606
2016-02-09,25.700001,25.84,25.27,25.709999,341400,25.228411
2016-02-08,26.23,26.24,25.809999,26.00,450100,25.51298
2016-02-05,26.51,26.610001,26.23,26.389999,199000,25.895674
2016-02-04,26.549999,26.68,26.49,26.52,112400,26.02324
2016-02-03,26.65,26.709999,26.530001,26.690001,98800,26.190056
2016-02-02,26.620001,26.700001,26.620001,26.68,58600,26.180243
2016-02-01,26.59,26.75,26.59,26.709999,87500,26.20968
2016-01-29,26.629999,26.719999,26.60,26.629999,95100,26.131178
2016-01-28,26.549999,26.610001,26.49,26.610001,83100,26.111554
2016-01-27,26.379999,26.58,26.379999,26.540001,75000,26.042866
2016-01-26,26.389999,26.50,26.379999,26.379999,51000,25.885861
2016-01-25,26.48,26.559999,26.34,26.389999,93200,25.895674
2016-01-22,26.59,26.60,26.51,26.58,77800,26.082116
2016-01-21,26.40,26.610001,26.26,26.459999,104500,25.964363
2016-01-20,26.51,26.51,26.10,26.43,149100,25.934926
2016-01-19,26.540001,26.620001,26.450001,26.610001,42800,26.111554
2016-01-15,26.48,26.559999,26.35,26.530001,95800,26.033053
2016-01-14,26.65,26.65,26.33,26.49,84900,25.993801
2016-01-13,26.67,26.690001,26.35,26.440001,105200,25.944739
2016-01-12,26.719999,26.74,26.530001,26.73,102500,26.229306
2016-01-11,26.68,26.73,26.59,26.67,41600,26.17043
2016-01-08,26.67,27.15,26.620001,26.75,111600,26.248931
2016-01-07,26.639999,26.68,26.540001,26.540001,93900,26.042866
2016-01-06,26.74,26.85,26.639999,26.74,101800,26.239119
2016-01-05,26.75,26.889999,26.75,26.83,191800,26.327433
2016-01-04,26.60,26.90,26.60,26.870001,148800,26.366684
2015-12-31,26.68,26.690001,26.629999,26.690001,36400,26.190056
2015-12-30,26.58,26.68,26.559999,26.66,77400,26.160617
2015-12-29,26.49,26.700001,26.48,26.67,135400,26.17043
2015-12-28,26.709999,26.959999,26.709999,26.950001,102000,25.9467
2015-12-24,26.719999,26.799999,26.700001,26.799999,12600,25.802283
2015-12-23,26.790001,26.790001,26.65,26.75,46400,25.754145
2015-12-22,26.700001,26.719999,26.60,26.700001,73500,25.706007
2015-12-21,26.639999,26.700001,26.58,26.68,36200,25.686751
2015-12-18,26.530001,26.629999,26.48,26.48,79900,25.494196
2015-12-17,26.360001,26.629999,26.360001,26.530001,111300,25.542336
2015-12-16,26.26,26.389999,26.25,26.389999,89500,25.407547
2015-12-15,26.299999,26.389999,26.25,26.280001,125700,25.301643
2015-12-14,26.52,26.549999,26.139999,26.219999,150200,25.243875
2015-12-11,26.52,26.610001,26.469999,26.58,115000,25.590474
2015-12-10,26.60,26.639999,26.51,26.52,101300,25.532708
2015-12-09,26.57,26.65,26.52,26.549999,62200,25.56159
2015-12-08,26.559999,26.60,26.530001,26.549999,46400,25.56159
2015-12-07,26.68,26.68,26.549999,26.549999,76400,25.56159
2015-12-04,26.67,26.709999,26.65,26.66,57100,25.667495
2015-12-03,26.690001,26.73,26.639999,26.719999,72100,25.725261
2015-12-02,26.66,26.709999,26.629999,26.68,51600,25.686751
2015-12-01,26.65,26.74,26.65,26.690001,86900,25.696379
2015-11-30,26.709999,26.73,26.629999,26.67,68900,25.677123
2015-11-27,26.620001,26.700001,26.610001,26.700001,56300,25.706007
2015-11-25,26.59,26.85,26.58,26.780001,122500,25.783029
2015-11-24,26.52,26.60,26.51,26.60,114100,25.60973
2015-11-23,26.540001,26.549999,26.50,26.50,90400,25.513452
2015-11-20,26.51,26.60,26.50,26.58,72700,25.590474
2015-11-19,26.469999,26.58,26.469999,26.540001,53900,25.551964
2015-11-18,26.48,26.57,26.48,26.50,91500,25.513452
2015-11-17,26.459999,26.50,26.440001,26.48,68400,25.494196
2015-11-16,26.559999,26.59,26.48,26.50,71200,25.513452
2015-11-13,26.559999,26.610001,26.52,26.610001,51600,25.619357
2015-11-12,26.60,26.65,26.559999,26.65,73400,25.657867
2015-11-11,26.58,26.60,26.530001,26.60,55300,25.60973
2015-11-10,26.530001,26.60,26.49,26.540001,62700,25.551964
2015-11-09,26.49,26.60,26.40,26.530001,136500,25.542336
2015-11-06,26.52,26.559999,26.379999,26.559999,43400,25.571218
2015-11-05,26.559999,26.620001,26.559999,26.620001,50700,25.628985
2015-11-04,26.50,26.67,26.49,26.620001,205700,25.628985
2015-11-03,26.50,26.50,26.459999,26.50,63700,25.513452
2015-11-02,26.469999,26.549999,26.41,26.52,66800,25.532708
2015-10-30,26.370001,26.51,26.370001,26.450001,66900,25.465314
2015-10-29,26.440001,26.459999,26.40,26.42,56000,25.43643
2015-10-28,26.440001,26.49,26.389999,26.48,45700,25.494196
2015-10-27,26.459999,26.540001,26.42,26.42,73600,25.43643
2015-10-26,26.360001,26.60,26.360001,26.50,60800,25.513452
2015-10-23,26.42,26.530001,26.41,26.440001,72800,25.455686
2015-10-22,26.389999,26.50,26.360001,26.49,109300,25.503824
2015-10-21,26.360001,26.40,26.299999,26.370001,77400,25.388292
2015-10-20,26.299999,26.299999,26.24,26.280001,59400,25.301643
2015-10-19,26.360001,26.370001,26.299999,26.299999,64100,25.320897
2015-10-16,26.25,26.40,26.24,26.40,153600,25.417174
2015-10-15,26.17,26.280001,26.120001,26.280001,91400,25.301643
2015-10-14,26.200001,26.200001,26.120001,26.120001,62500,25.1476
2015-10-13,26.09,26.17,26.08,26.17,70300,25.195737
2015-10-12,26.18,26.18,26.08,26.17,31400,25.195737
2015-10-09,26.10,26.15,26.10,26.129999,65100,25.157226
2015-10-08,26.139999,26.139999,26.07,26.139999,56700,25.166854
2015-10-07,26.139999,26.15,26.059999,26.07,95300,25.09946
2015-10-06,26.02,26.120001,26.02,26.07,91300,25.09946
2015-10-05,26.030001,26.07,25.959999,26.02,123500,25.051322
2015-10-02,25.950001,26.02,25.940001,25.959999,40100,24.993554
2015-10-01,26.059999,26.08,25.90,25.940001,77100,24.9743
2015-09-30,26.09,26.15,26.00,26.030001,145300,25.06095
2015-09-29,26.040001,26.18,26.040001,26.09,102100,25.118716
2015-09-28,26.15,26.15,26.040001,26.10,104100,25.128344
2015-09-25,26.57,26.65,26.50,26.629999,65000,25.149524
2015-09-24,26.58,26.60,26.540001,26.549999,123400,25.073972
2015-09-23,26.50,26.620001,26.50,26.60,79200,25.121193
2015-09-22,26.50,26.57,26.48,26.48,281400,25.007863
2015-09-21,26.49,26.530001,26.48,26.51,42600,25.036196
2015-09-18,26.43,26.49,26.42,26.469999,70100,24.998419
2015-09-17,26.49,26.50,26.43,26.43,94900,24.960644
2015-09-16,26.40,26.50,26.370001,26.48,92200,25.007863
2015-09-15,26.450001,26.49,26.40,26.40,51400,24.932311
2015-09-14,26.540001,26.540001,26.450001,26.459999,220400,24.988975
2015-09-11,26.50,26.58,26.48,26.58,26600,25.102304
2015-09-10,26.43,26.549999,26.43,26.52,44800,25.045641
2015-09-09,26.450001,26.559999,26.450001,26.530001,68100,25.055085
2015-09-08,26.379999,26.450001,26.360001,26.450001,79100,24.979532
2015-09-04,26.27,26.370001,26.27,26.35,27000,24.885091
2015-09-03,26.25,26.370001,26.25,26.35,52100,24.885091
2015-09-02,26.209999,26.26,26.209999,26.24,28800,24.781206
2015-09-01,26.10,26.25,26.10,26.16,50200,24.705654
2015-08-31,26.25,26.299999,26.17,26.27,112500,24.809539
2015-08-28,26.120001,26.280001,26.09,26.280001,44300,24.818983
2015-08-27,26.10,26.15,26.040001,26.07,113800,24.620657
2015-08-26,25.99,26.07,25.93,26.059999,134500,24.611213
2015-08-25,25.92,26.040001,25.92,25.99,181700,24.545105
2015-08-24,26.129999,26.129999,25.91,25.91,268500,24.469552
2015-08-21,26.549999,26.559999,26.200001,26.299999,113800,24.83787
2015-08-20,26.58,26.629999,26.559999,26.620001,38000,25.140081
2015-08-19,26.549999,26.60,26.549999,26.58,23200,25.102304
2015-08-18,26.559999,26.65,26.559999,26.58,56200,25.102304
2015-08-17,26.67,26.67,26.60,26.65,44900,25.168412
2015-08-14,26.629999,26.700001,26.57,26.690001,110000,25.20619
2015-08-13,26.51,26.639999,26.51,26.610001,95300,25.130637
2015-08-12,26.450001,26.540001,26.450001,26.530001,79100,25.055085
2015-08-11,26.309999,26.559999,26.309999,26.549999,74300,25.073972
2015-08-10,26.389999,26.440001,26.299999,26.40,64200,24.932311
2015-08-07,26.299999,26.35,26.25,26.27,39400,24.809539
2015-08-06,26.26,26.34,26.26,26.33,38600,24.866203
2015-08-05,26.26,26.34,26.25,26.25,56200,24.790651
2015-08-04,26.25,26.309999,26.25,26.26,67100,24.800095
2015-08-03,26.27,26.309999,26.24,26.309999,86900,24.847314
2015-07-31,26.23,26.280001,26.17,26.27,60400,24.809539
2015-07-30,26.18,26.299999,26.18,26.25,44000,24.790651
2015-07-29,26.219999,26.219999,26.190001,26.190001,19300,24.733987
2015-07-28,26.15,26.209999,26.139999,26.209999,27600,24.752873
2015-07-27,26.120001,26.200001,26.120001,26.139999,31100,24.686765
2015-07-24,26.139999,26.200001,26.09,26.200001,66900,24.743431
2015-07-23,26.24,26.24,26.110001,26.190001,51000,24.733987
2015-07-22,26.26,26.27,26.18,26.209999,41500,24.752873
2015-07-21,26.23,26.290001,26.219999,26.26,61400,24.800095
2015-07-20,26.299999,26.33,26.280001,26.280001,46800,24.818983
2015-07-17,26.280001,26.33,26.17,26.33,89300,24.866203
2015-07-16,26.219999,26.32,26.219999,26.280001,74500,24.818983
2015-07-15,26.18,26.280001,26.129999,26.280001,85800,24.818983
2015-07-14,26.120001,26.18,26.059999,26.18,53500,24.724542
2015-07-13,26.049999,26.139999,26.030001,26.120001,66500,24.667879
2015-07-10,26.049999,26.049999,25.98,25.99,25700,24.545105
2015-07-09,25.98,25.99,25.950001,25.98,34000,24.535661
2015-07-08,26.00,26.00,25.93,25.93,176200,24.488441
2015-07-07,26.059999,26.15,26.059999,26.08,79600,24.630101
2015-07-06,26.10,26.15,26.049999,26.07,59600,24.620657
2015-07-02,26.120001,26.18,26.059999,26.17,35300,24.715098
2015-07-01,26.059999,26.17,26.059999,26.07,40100,24.620657
2015-06-30,26.09,26.120001,26.00,26.110001,46200,24.658434
2015-06-29,26.049999,26.09,25.93,26.08,81700,24.630101
2015-06-26,26.219999,26.219999,25.98,26.07,82800,24.620657
2015-06-25,26.50,26.58,26.49,26.58,73300,24.622546
2015-06-24,26.59,26.59,26.459999,26.540001,42600,24.585493
2015-06-23,26.57,26.60,26.549999,26.58,15000,24.622546
2015-06-22,26.50,26.60,26.50,26.549999,49200,24.594755
2015-06-19,26.469999,26.59,26.43,26.549999,63400,24.594755
2015-06-18,26.59,26.629999,26.40,26.450001,122000,24.502121
2015-06-17,26.50,26.60,26.49,26.58,43400,24.622546
2015-06-16,26.50,26.50,26.459999,26.50,30200,24.548438
2015-06-15,26.450001,26.50,26.440001,26.49,33400,24.539174
2015-06-12,26.43,26.459999,26.43,26.450001,20400,24.502121
2015-06-11,26.469999,26.48,26.42,26.459999,29300,24.511383
2015-06-10,26.370001,26.459999,26.360001,26.440001,88600,24.492857
2015-06-09,26.35,26.40,26.33,26.40,64700,24.455802
2015-06-08,26.43,26.440001,26.370001,26.370001,34600,24.428012
2015-06-05,26.40,26.469999,26.35,26.440001,71500,24.492857
2015-06-04,26.41,26.469999,26.41,26.440001,33500,24.492857
2015-06-03,26.370001,26.440001,26.35,26.440001,72900,24.492857
2015-06-02,26.299999,26.389999,26.26,26.389999,108100,24.446538
2015-06-01,26.32,26.389999,26.32,26.34,44400,24.400221
2015-05-29,26.299999,26.379999,26.23,26.299999,61200,24.363166
2015-05-28,26.360001,26.360001,26.299999,26.309999,29200,24.372429
2015-05-27,26.34,26.379999,26.32,26.33,26000,24.390957
2015-05-26,26.41,26.43,26.34,26.42,51600,24.474329
2015-05-22,26.35,26.48,26.34,26.440001,45700,24.492857
2015-05-21,26.379999,26.40,26.33,26.35,49000,24.409485
2015-05-20,26.35,26.450001,26.33,26.41,63600,24.465065
2015-05-19,26.16,26.370001,26.15,26.32,78000,24.381693
2015-05-18,26.27,26.280001,26.139999,26.17,69300,24.24274
2015-05-15,26.379999,26.40,26.26,26.33,40700,24.390957
2015-05-14,26.16,26.379999,26.16,26.370001,51900,24.428012
2015-05-13,26.00,26.24,25.93,26.200001,178400,24.270531
2015-05-12,26.01,26.02,25.870001,25.959999,99400,24.048204
2015-05-11,26.190001,26.190001,26.00,26.110001,82300,24.187159
2015-05-08,26.08,26.200001,26.07,26.16,66700,24.233476
2015-05-07,25.99,26.139999,25.99,26.01,43000,24.094523
2015-05-06,26.24,26.24,25.969999,25.969999,176400,24.057468
2015-05-05,26.18,26.26,26.10,26.200001,71100,24.270531
2015-05-04,26.209999,26.360001,26.16,26.18,85900,24.252004
2015-05-01,26.389999,26.389999,26.209999,26.23,55100,24.298321
2015-04-30,26.34,26.379999,26.25,26.35,46300,24.409485
2015-04-29,26.32,26.43,26.309999,26.32,116400,24.381693
2015-04-28,26.32,26.459999,26.32,26.379999,110100,24.437274
2015-04-27,26.25,26.360001,26.200001,26.32,149300,24.381693
2015-04-24,26.15,26.25,26.15,26.25,61800,24.316849
2015-04-23,26.15,26.200001,26.129999,26.190001,59300,24.261268
2015-04-22,26.17,26.18,26.110001,26.120001,197600,24.196423
2015-04-21,26.18,26.200001,26.10,26.120001,124600,24.196423
2015-04-20,26.190001,26.25,26.15,26.15,182700,24.224213
2015-04-17,26.27,26.290001,26.17,26.17,231100,24.24274
2015-04-16,26.25,26.27,26.18,26.25,76000,24.316849
2015-04-15,26.17,26.25,26.10,26.16,195700,24.233476
2015-04-14,26.16,26.18,26.059999,26.08,160200,24.159368
2015-04-13,26.26,26.26,26.10,26.15,118600,24.224213
2015-04-10,26.26,26.26,26.129999,26.24,70800,24.307585
2015-04-09,26.280001,26.32,26.120001,26.209999,135100,24.279793
2015-04-08,26.280001,26.40,26.25,26.299999,59400,24.363166
2015-04-07,26.23,26.26,26.209999,26.23,60800,24.298321
2015-04-06,26.290001,26.290001,26.18,26.209999,40800,24.279793
2015-04-02,26.190001,26.280001,26.17,26.25,73500,24.316849
2015-04-01,26.26,26.299999,26.129999,26.18,83700,24.252004
2015-03-31,26.41,26.41,26.17,26.24,145900,24.307585
2015-03-30,26.27,26.299999,26.25,26.299999,48000,24.363166
2015-03-27,26.059999,26.370001,26.040001,26.299999,97800,24.363166
2015-03-26,26.59,26.629999,26.559999,26.629999,66800,24.198275
2015-03-25,26.51,26.67,26.440001,26.66,257500,24.225536
2015-03-24,26.74,26.74,26.540001,26.58,236600,24.152842
2015-03-23,26.719999,26.790001,26.67,26.67,85500,24.234623
2015-03-20,26.74,26.75,26.700001,26.700001,75500,24.261885
2015-03-19,26.610001,26.75,26.610001,26.74,49000,24.298231
2015-03-18,26.700001,26.77,26.58,26.629999,153400,24.198275
2015-03-17,26.73,26.799999,26.709999,26.709999,49500,24.27097
2015-03-16,26.76,26.790001,26.709999,26.75,87300,24.307318
2015-03-13,26.75,26.790001,26.700001,26.780001,32200,24.334579
2015-03-12,26.719999,26.82,26.709999,26.75,66400,24.307318
2015-03-11,26.790001,26.84,26.68,26.73,59200,24.289144
2015-03-10,26.639999,26.959999,26.639999,26.74,147700,24.298231
2015-03-09,26.700001,26.75,26.58,26.690001,117000,24.252798
2015-03-06,26.700001,26.73,26.620001,26.73,122600,24.289144
2015-03-05,26.700001,26.719999,26.66,26.700001,107900,24.261885
2015-03-04,26.629999,26.690001,26.620001,26.65,108300,24.216449
2015-03-03,26.65,26.690001,26.639999,26.68,78300,24.24371
2015-03-02,26.610001,26.68,26.559999,26.620001,133000,24.18919
2015-02-27,26.68,26.75,26.68,26.690001,57100,24.252798
2015-02-26,26.639999,26.790001,26.60,26.75,107200,24.307318
2015-02-25,26.700001,26.709999,26.620001,26.620001,89200,24.18919
2015-02-24,26.700001,26.700001,26.610001,26.700001,79200,24.261885
2015-02-23,26.629999,26.709999,26.629999,26.700001,31900,24.261885
2015-02-20,26.620001,26.74,26.620001,26.719999,42100,24.280057
2015-02-19,26.67,26.68,26.57,26.66,84300,24.225536
2015-02-18,26.639999,26.68,26.52,26.68,67000,24.24371
2015-02-17,26.639999,26.690001,26.629999,26.67,61700,24.234623
2015-02-13,26.59,26.77,26.59,26.690001,70600,24.252798
2015-02-12,26.629999,26.629999,26.559999,26.57,130800,24.143755
2015-02-11,26.68,26.690001,26.629999,26.65,57000,24.216449
2015-02-10,26.719999,26.719999,26.60,26.65,253000,24.216449
2015-02-09,26.719999,26.790001,26.68,26.700001,71200,24.261885
2015-02-06,26.799999,26.799999,26.700001,26.719999,87400,24.280057
2015-02-05,26.790001,26.85,26.780001,26.82,97800,24.370926
2015-02-04,26.76,26.790001,26.700001,26.75,64900,24.307318
2015-02-03,26.719999,26.809999,26.709999,26.73,64100,24.289144
2015-02-02,26.629999,26.719999,26.629999,26.709999,44600,24.27097
2015-01-30,26.67,26.700001,26.67,26.700001,43800,24.261885
2015-01-29,26.690001,26.690001,26.610001,26.629999,68000,24.198275
2015-01-28,26.709999,26.709999,26.629999,26.66,115000,24.225536
2015-01-27,26.60,26.700001,26.549999,26.629999,114300,24.198275
2015-01-26,26.719999,26.719999,26.540001,26.60,135000,24.171016
2015-01-23,26.65,26.719999,26.610001,26.719999,58300,24.280057
2015-01-22,26.549999,26.639999,26.50,26.60,102200,24.171016
2015-01-21,26.700001,26.719999,26.48,26.59,154000,24.161929
2015-01-20,26.700001,26.75,26.67,26.690001,68500,24.252798
2015-01-16,26.700001,26.75,26.610001,26.75,128200,24.307318
2015-01-15,26.66,26.66,26.51,26.610001,109800,24.180103
2015-01-14,26.66,26.66,26.52,26.52,76400,24.098321
2015-01-13,26.549999,26.67,26.549999,26.60,123800,24.171016
2015-01-12,26.620001,26.66,26.50,26.57,168500,24.143755
2015-01-09,26.75,26.75,26.66,26.66,64100,24.225536
2015-01-08,26.73,26.780001,26.68,26.77,76800,24.325492
2015-01-07,26.690001,26.790001,26.67,26.74,88500,24.298231
2015-01-06,26.610001,26.709999,26.559999,26.709999,67600,24.27097
2015-01-05,26.73,26.73,26.549999,26.59,60100,24.161929
2015-01-02,26.450001,26.75,26.450001,26.65,109700,24.216449
2014-12-31,26.50,26.52,26.35,26.48,79400,24.061973
2014-12-30,26.440001,26.48,26.32,26.48,63700,24.061973
2014-12-29,26.309999,26.440001,26.27,26.360001,71400,23.952932
2014-12-26,26.700001,26.82,26.639999,26.82,54300,23.909313
2014-12-24,26.83,26.84,26.709999,26.74,31100,23.837996
2014-12-23,26.73,26.84,26.700001,26.83,52000,23.918228
2014-12-22,26.799999,26.84,26.780001,26.82,52200,23.909313
2014-12-19,26.799999,26.879999,26.690001,26.790001,78300,23.88257
2014-12-18,26.65,26.84,26.639999,26.74,64700,23.837996
2014-12-17,26.57,26.73,26.50,26.66,153300,23.766678
2014-12-16,26.59,26.639999,26.549999,26.57,62500,23.686445
2014-12-15,26.60,26.67,26.549999,26.57,42700,23.686445
2014-12-12,26.59,26.639999,26.549999,26.559999,58200,23.67753
2014-12-11,26.57,26.639999,26.540001,26.549999,69900,23.668615
2014-12-10,26.59,26.59,26.469999,26.52,70900,23.641872
2014-12-09,26.50,26.60,26.50,26.60,55400,23.71319
2014-12-08,26.57,26.57,26.459999,26.50,66500,23.624042
2014-12-05,26.370001,26.58,26.370001,26.58,51000,23.69536
2014-12-04,26.68,26.68,26.360001,26.360001,112800,23.499237
2014-12-03,26.67,26.73,26.549999,26.65,90000,23.757763
2014-12-02,26.540001,26.77,26.540001,26.709999,100700,23.811251
2014-12-01,26.709999,26.75,26.549999,26.60,116100,23.71319
2014-11-28,26.76,26.790001,26.709999,26.75,28300,23.846911
2014-11-26,26.719999,26.799999,26.690001,26.76,69300,23.855826
2014-11-25,26.75,26.75,26.60,26.639999,79100,23.748848
2014-11-24,26.719999,26.83,26.719999,26.75,58600,23.846911
2014-11-21,26.809999,26.860001,26.690001,26.799999,136800,23.891484
2014-11-20,26.91,26.93,26.860001,26.889999,175000,23.971716
2014-11-19,26.91,26.940001,26.860001,26.940001,123100,24.016291
2014-11-18,26.77,26.90,26.77,26.809999,70300,23.900399
2014-11-17,26.690001,26.879999,26.690001,26.84,98700,23.927143
2014-11-14,26.620001,26.700001,26.610001,26.700001,37900,23.802338
2014-11-13,26.620001,26.66,26.57,26.620001,63500,23.73102
2014-11-12,26.50,26.629999,26.42,26.629999,63500,23.739933
2014-11-11,26.450001,26.52,26.450001,26.52,39100,23.641872
2014-11-10,26.43,26.50,26.42,26.50,55900,23.624042
2014-11-07,26.389999,26.43,26.389999,26.43,108400,23.561639
2014-11-06,26.299999,26.41,26.299999,26.41,43900,23.54381
2014-11-05,26.389999,26.40,26.34,26.34,30000,23.481407
2014-11-04,26.280001,26.43,26.280001,26.43,69600,23.561639
2014-11-03,26.27,26.299999,26.25,26.299999,78000,23.445747
2014-10-31,26.290001,26.299999,26.24,26.280001,91200,23.427919
2014-10-30,26.200001,26.280001,26.200001,26.27,59500,23.419004
2014-10-29,26.290001,26.290001,26.200001,26.23,57600,23.383344
2014-10-28,26.23,26.27,26.209999,26.25,66900,23.401174
2014-10-27,26.24,26.290001,26.209999,26.25,52600,23.401174
2014-10-24,26.23,26.299999,26.200001,26.24,73000,23.392259
2014-10-23,26.16,26.25,26.15,26.219999,122700,23.374429
2014-10-22,26.139999,26.200001,26.120001,26.120001,89200,23.285283
2014-10-21,26.10,26.17,26.08,26.139999,88300,23.303111
2014-10-20,26.07,26.10,26.01,26.07,81000,23.240708
2014-10-17,26.09,26.139999,25.969999,25.969999,167800,23.151561
2014-10-16,25.950001,26.15,25.950001,26.09,78400,23.258538
2014-10-15,26.17,26.17,25.90,25.950001,255600,23.133733
2014-10-14,26.10,26.18,26.049999,26.15,96000,23.312026
2014-10-13,26.059999,26.129999,26.049999,26.08,44600,23.249623
2014-10-10,26.07,26.09,26.049999,26.049999,56000,23.222879
2014-10-09,26.120001,26.15,26.059999,26.07,52100,23.240708
2014-10-08,26.030001,26.110001,26.01,26.110001,95000,23.276368
2014-10-07,26.059999,26.139999,26.00,26.08,73200,23.249623
2014-10-06,25.959999,26.08,25.959999,26.07,38400,23.240708
2014-10-03,26.07,26.07,25.91,25.93,79200,23.115903
2014-10-02,26.059999,26.07,25.969999,26.00,62400,23.178306
2014-10-01,26.040001,26.08,25.91,26.059999,87500,23.231794
2014-09-30,25.969999,26.049999,25.969999,26.040001,66600,23.213965
2014-09-29,25.99,26.049999,25.959999,26.030001,82100,23.20505
2014-09-26,25.940001,26.02,25.799999,26.02,113600,23.196135
2014-09-25,26.370001,26.40,26.35,26.379999,78700,23.064197
2014-09-24,26.389999,26.40,26.32,26.35,55500,23.037969
2014-09-23,26.209999,26.42,26.209999,26.42,87700,23.09917
2014-09-22,26.40,26.41,26.27,26.27,78400,22.968024
2014-09-19,26.26,26.41,26.26,26.41,82600,23.090427
2014-09-18,26.17,26.25,26.15,26.25,55500,22.950538
2014-09-17,26.09,26.18,26.030001,26.10,82800,22.819392
2014-09-16,26.02,26.07,26.02,26.049999,189600,22.775676
2014-09-15,25.950001,26.07,25.93,26.02,51400,22.749448
2014-09-12,25.92,25.969999,25.91,25.92,231900,22.662017
2014-09-11,25.940001,26.00,25.940001,25.969999,134400,22.705731
2014-09-10,25.959999,26.049999,25.91,25.93,120000,22.67076
2014-09-09,26.08,26.10,26.02,26.030001,75300,22.758191
2014-09-08,26.01,26.10,26.01,26.07,145200,22.793162
2014-09-05,26.00,26.040001,25.90,25.98,305400,22.714475
2014-09-04,26.15,26.17,26.00,26.02,259700,22.749448
2014-09-03,26.25,26.299999,26.129999,26.209999,193900,22.915565
2014-09-02,26.40,26.40,26.299999,26.299999,111800,22.994252
2014-08-29,26.40,26.459999,26.40,26.440001,46000,23.116656
2014-08-28,26.280001,26.40,26.280001,26.40,23600,23.081683
2014-08-27,26.200001,26.299999,26.190001,26.299999,58400,22.994252
2014-08-26,26.360001,26.360001,26.110001,26.27,100600,22.968024
2014-08-25,26.309999,26.360001,26.25,26.309999,60500,23.002996
2014-08-22,26.379999,26.379999,26.299999,26.309999,40400,23.002996
2014-08-21,26.299999,26.35,26.24,26.27,54800,22.968024
2014-08-20,26.290001,26.299999,26.209999,26.290001,35800,22.985511
2014-08-19,26.299999,26.33,26.23,26.299999,53200,22.994252
2014-08-18,26.18,26.33,26.120001,26.33,96100,23.020482
2014-08-15,26.129999,26.129999,25.950001,26.02,69800,22.749448
2014-08-14,26.10,26.25,26.030001,26.049999,63700,22.775676
2014-08-13,26.049999,26.049999,26.01,26.049999,94200,22.775676
2014-08-12,26.00,26.049999,26.00,26.049999,24200,22.775676
2014-08-11,26.01,26.07,25.969999,25.969999,47000,22.705731
2014-08-08,26.00,26.07,25.92,25.98,129600,22.714475
2014-08-07,25.99,26.00,25.950001,26.00,69600,22.731961
2014-08-06,25.91,25.98,25.91,25.93,28300,22.67076
2014-08-05,26.02,26.030001,25.90,25.91,40300,22.653274
2014-08-04,26.049999,26.10,26.00,26.00,62600,22.731961
2014-08-01,26.10,26.129999,26.00,26.00,53200,22.731961
2014-07-31,26.10,26.15,26.059999,26.07,103800,22.793162
2014-07-30,26.139999,26.139999,26.059999,26.10,63600,22.819392
2014-07-29,26.139999,26.139999,26.09,26.09,91600,22.810649
2014-07-28,26.10,26.18,26.059999,26.10,71700,22.819392
2014-07-25,26.10,26.110001,26.059999,26.10,77700,22.819392
2014-07-24,26.110001,26.139999,25.91,26.09,87500,22.810649
2014-07-23,26.219999,26.219999,26.09,26.09,147400,22.810649
2014-07-22,26.200001,26.24,26.110001,26.17,138800,22.880593
2014-07-21,26.200001,26.25,26.200001,26.200001,77000,22.906823
2014-07-18,26.25,26.299999,26.15,26.15,175700,22.863107
2014-07-17,26.379999,26.379999,26.25,26.25,112300,22.950538
2014-07-16,26.299999,26.35,26.24,26.299999,35000,22.994252
2014-07-15,26.299999,26.35,26.25,26.290001,65400,22.985511
2014-07-14,26.34,26.40,26.290001,26.34,101900,23.029225
2014-07-11,26.25,26.35,26.25,26.35,119900,23.037969
2014-07-10,26.25,26.290001,26.25,26.27,23300,22.968024
2014-07-09,26.25,26.290001,26.209999,26.290001,46600,22.985511
2014-07-08,26.200001,26.290001,26.200001,26.24,67800,22.941795
2014-07-07,26.23,26.23,26.17,26.200001,55300,22.906823
2014-07-03,26.24,26.25,26.16,26.219999,41200,22.924308
2014-07-02,26.200001,26.27,26.200001,26.27,57700,22.968024
2014-07-01,26.18,26.209999,26.120001,26.209999,63100,22.915565
2014-06-30,26.15,26.200001,26.120001,26.200001,63300,22.906823
2014-06-27,25.90,26.190001,25.90,26.17,68800,22.880593
2014-06-26,26.02,26.33,25.950001,26.059999,141200,22.784419
2014-06-25,26.370001,26.50,26.370001,26.50,45500,22.724967
2014-06-24,26.370001,26.459999,26.35,26.450001,51300,22.68209
2014-06-23,26.469999,26.530001,26.280001,26.290001,91400,22.544883
2014-06-20,26.299999,26.43,26.299999,26.43,338500,22.664939
2014-06-19,26.459999,26.469999,26.35,26.35,78200,22.596335
2014-06-18,26.450001,26.530001,26.450001,26.530001,64300,22.750694
2014-06-17,26.379999,26.49,26.32,26.49,130900,22.716391
2014-06-16,26.379999,26.43,26.32,26.370001,62400,22.613486
2014-06-13,26.32,26.440001,26.309999,26.440001,40800,22.673514
2014-06-12,26.360001,26.40,26.33,26.33,65700,22.579184
2014-06-11,26.389999,26.43,26.370001,26.41,90900,22.647787
2014-06-10,26.440001,26.440001,26.34,26.379999,87300,22.62206
2014-06-09,26.360001,26.440001,26.360001,26.43,38700,22.664939
2014-06-06,26.440001,26.450001,26.379999,26.40,33700,22.639212
2014-06-05,26.379999,26.469999,26.25,26.469999,57700,22.69924
2014-06-04,26.360001,26.440001,26.309999,26.440001,182900,22.673514
2014-06-03,26.40,26.43,26.40,26.40,90600,22.639212
2014-06-02,26.370001,26.440001,26.360001,26.440001,32200,22.673514
2014-05-30,26.360001,26.50,26.35,26.440001,98900,22.673514
2014-05-29,26.34,26.440001,26.32,26.389999,47100,22.630636
2014-05-28,26.299999,26.32,26.25,26.309999,46800,22.562032
2014-05-27,26.299999,26.299999,26.25,26.25,90400,22.51058
2014-05-23,26.25,26.35,26.25,26.33,41200,22.579184
2014-05-22,26.32,26.360001,26.25,26.25,76100,22.51058
2014-05-21,26.450001,26.540001,26.299999,26.32,132500,22.570608
2014-05-20,26.450001,26.49,26.440001,26.459999,35700,22.690664
2014-05-19,26.540001,26.58,26.48,26.49,180200,22.716391
2014-05-16,26.540001,26.549999,26.389999,26.49,100200,22.716391
2014-05-15,26.50,26.540001,26.48,26.51,29000,22.733542
2014-05-14,26.379999,26.530001,26.379999,26.52,88500,22.742118
2014-05-13,26.309999,26.440001,26.309999,26.440001,62300,22.673514
2014-05-12,26.35,26.40,26.290001,26.389999,71400,22.630636
2014-05-09,26.32,26.34,26.200001,26.280001,121900,22.536307
2014-05-08,26.32,26.35,26.299999,26.299999,42800,22.553457
2014-05-07,26.290001,26.379999,26.290001,26.370001,38300,22.613486
2014-05-06,26.33,26.360001,26.27,26.27,47800,22.527732
2014-05-05,26.25,26.299999,26.209999,26.299999,51700,22.553457
2014-05-02,26.209999,26.27,26.17,26.26,72400,22.519156
2014-05-01,26.190001,26.209999,26.129999,26.209999,40200,22.476278
2014-04-30,26.00,26.17,25.99,26.17,55000,22.441977
2014-04-29,25.98,26.049999,25.969999,26.040001,66700,22.330496
2014-04-28,26.030001,26.049999,25.959999,25.98,61000,22.279042
2014-04-25,25.93,26.040001,25.93,26.040001,121900,22.330496
2014-04-24,25.969999,26.00,25.940001,25.950001,94500,22.253317
2014-04-23,26.00,26.030001,25.92,25.940001,114600,22.244741
2014-04-22,25.950001,26.01,25.860001,25.940001,101100,22.244741
2014-04-21,25.98,25.98,25.92,25.93,49300,22.236166
2014-04-17,26.17,26.17,25.860001,25.860001,256500,22.176138
2014-04-16,26.139999,26.190001,26.00,26.040001,155700,22.330496
2014-04-15,26.16,26.18,26.110001,26.120001,81900,22.3991
2014-04-14,26.07,26.18,26.059999,26.139999,55900,22.41625
2014-04-11,26.10,26.110001,26.059999,26.07,33000,22.356222
2014-04-10,26.07,26.110001,26.040001,26.10,69600,22.381949
2014-04-09,26.07,26.09,26.040001,26.059999,55500,22.347646
2014-04-08,26.02,26.10,26.02,26.08,41200,22.364797
2014-04-07,26.02,26.10,26.02,26.08,41400,22.364797
2014-04-04,26.02,26.120001,26.02,26.08,62200,22.364797
2014-04-03,26.049999,26.10,26.01,26.08,50100,22.364797
2014-04-02,26.139999,26.15,26.08,26.10,39600,22.381949
2014-04-01,25.959999,26.190001,25.959999,26.18,130000,22.450552
2014-03-31,25.91,25.959999,25.870001,25.959999,100200,22.261891
2014-03-28,25.940001,26.00,25.91,25.91,84700,22.219014
2014-03-27,25.879999,25.950001,25.85,25.90,82600,22.210439
2014-03-26,26.370001,26.370001,26.27,26.370001,100600,22.177852
2014-03-25,26.27,26.370001,26.23,26.309999,89000,22.127389
2014-03-24,26.200001,26.280001,26.17,26.27,66200,22.093749
2014-03-21,26.18,26.190001,26.139999,26.15,51400,21.992825
2014-03-20,26.049999,26.18,26.049999,26.17,50600,22.009646
2014-03-19,26.129999,26.15,26.049999,26.120001,71200,21.967595
2014-03-18,26.00,26.129999,25.98,26.129999,110400,21.976004
2014-03-17,26.08,26.08,25.98,25.98,56800,21.849851
2014-03-14,26.01,26.059999,25.969999,26.00,77300,21.866672
2014-03-13,25.940001,26.040001,25.940001,26.01,111600,21.875082
2014-03-12,25.92,25.969999,25.92,25.940001,44500,21.81621
2014-03-11,25.959999,25.98,25.879999,25.91,92400,21.790979
2014-03-10,25.93,25.98,25.90,25.92,47900,21.79939
2014-03-07,25.92,25.969999,25.91,25.940001,30800,21.81621
2014-03-06,25.91,25.969999,25.879999,25.92,85800,21.79939
2014-03-05,25.90,25.99,25.879999,25.98,64100,21.849851
2014-03-04,25.870001,25.879999,25.84,25.860001,106500,21.748928
2014-03-03,25.85,25.879999,25.82,25.83,69300,21.723697
2014-02-28,25.93,25.93,25.84,25.870001,59700,21.757339
2014-02-27,25.83,25.90,25.83,25.84,60300,21.732108
2014-02-26,25.83,25.860001,25.82,25.83,54100,21.723697
2014-02-25,25.860001,25.860001,25.809999,25.82,59700,21.715287
2014-02-24,25.83,25.90,25.82,25.84,97800,21.732108
2014-02-21,25.860001,25.879999,25.799999,25.84,141600,21.732108
2014-02-20,25.85,25.90,25.82,25.84,73100,21.732108
2014-02-19,25.790001,25.950001,25.790001,25.889999,153200,21.774158
2014-02-18,25.780001,25.780001,25.75,25.75,86400,21.656415
2014-02-14,25.690001,25.77,25.68,25.76,88600,21.664826
2014-02-13,25.67,25.76,25.67,25.690001,42100,21.605954
2014-02-12,25.68,25.74,25.639999,25.65,93100,21.572312
2014-02-11,25.76,25.780001,25.57,25.65,613000,21.572312
2014-02-10,25.719999,25.780001,25.719999,25.77,53100,21.673236
2014-02-07,25.73,25.870001,25.709999,25.719999,85800,21.631184
2014-02-06,25.75,25.799999,25.709999,25.719999,78000,21.631184
2014-02-05,25.700001,25.790001,25.66,25.74,120100,21.648005
2014-02-04,25.74,25.790001,25.719999,25.77,108000,21.673236
2014-02-03,25.67,25.74,25.67,25.719999,32200,21.631184
2014-01-31,25.65,25.709999,25.620001,25.67,37000,21.589133
2014-01-30,25.620001,25.77,25.620001,25.65,65600,21.572312
2014-01-29,25.66,25.700001,25.610001,25.65,96900,21.572312
2014-01-28,25.66,25.690001,25.65,25.68,64300,21.597544
2014-01-27,25.700001,25.709999,25.65,25.66,76000,21.580723
2014-01-24,25.67,25.74,25.65,25.709999,60100,21.622773
2014-01-23,25.76,25.76,25.66,25.690001,59000,21.605954
2014-01-22,25.65,25.76,25.65,25.75,68600,21.656415
2014-01-21,25.700001,25.719999,25.629999,25.65,95000,21.572312
2014-01-17,25.75,25.76,25.610001,25.610001,213000,21.538672
2014-01-16,25.67,25.780001,25.67,25.74,67900,21.648005
2014-01-15,25.790001,25.799999,25.66,25.68,67600,21.597544
2014-01-14,25.799999,25.83,25.700001,25.76,50100,21.664826
2014-01-13,25.84,25.889999,25.66,25.73,223700,21.639594
2014-01-10,25.93,25.950001,25.85,25.860001,54600,21.748928
2014-01-09,25.860001,25.92,25.860001,25.90,38500,21.782569
2014-01-08,25.98,25.98,25.82,25.860001,73600,21.748928
2014-01-07,25.85,25.940001,25.85,25.940001,89400,21.81621
2014-01-06,25.950001,25.959999,25.860001,25.940001,56900,21.81621
2014-01-03,25.93,25.969999,25.85,25.969999,79000,21.84144
2014-01-02,25.799999,25.879999,25.75,25.85,89600,21.740518
2013-12-31,25.610001,25.719999,25.60,25.719999,90700,21.631184
2013-12-30,25.60,25.60,25.52,25.59,155700,21.521851
2013-12-27,25.60,25.66,25.51,25.51,289800,21.454569
2013-12-26,25.969999,25.98,25.809999,25.879999,162000,21.338507
2013-12-24,26.00,26.00,25.91,25.959999,47900,21.404469
2013-12-23,26.01,26.049999,25.93,25.99,108200,21.429205
2013-12-20,26.030001,26.120001,25.940001,26.01,127900,21.445695
2013-12-19,26.049999,26.049999,25.91,25.93,82600,21.379734
2013-12-18,26.10,26.10,26.00,26.049999,110700,21.478675
2013-12-17,26.049999,26.139999,26.040001,26.10,96300,21.519902
2013-12-16,26.059999,26.139999,26.00,26.110001,101600,21.528147
2013-12-13,25.860001,26.24,25.85,26.24,198200,21.635334
2013-12-12,25.90,25.90,25.85,25.85,70300,21.313773
2013-12-11,25.85,25.90,25.85,25.860001,93200,21.322018
2013-12-10,25.85,25.879999,25.85,25.85,61700,21.313773
2013-12-09,25.82,25.879999,25.799999,25.83,69200,21.297282
2013-12-06,25.82,25.889999,25.780001,25.84,199100,21.305527
2013-12-05,26.10,26.10,25.799999,25.809999,93700,21.280791
2013-12-04,25.940001,25.969999,25.860001,25.860001,82400,21.322018
2013-12-03,25.85,25.90,25.85,25.90,25900,21.354998
2013-12-02,25.950001,25.969999,25.85,25.85,90100,21.313773
2013-11-29,25.92,25.940001,25.889999,25.940001,46600,21.387979
2013-11-27,25.82,25.90,25.82,25.82,39800,21.289037
2013-11-26,25.82,25.84,25.82,25.82,57200,21.289037
2013-11-25,25.809999,25.889999,25.809999,25.809999,70600,21.280791
2013-11-22,25.799999,25.889999,25.799999,25.799999,105200,21.272546
2013-11-21,25.799999,25.84,25.799999,25.799999,76700,21.272546
2013-11-20,25.809999,25.84,25.799999,25.82,69300,21.289037
2013-11-19,25.84,25.889999,25.799999,25.83,39500,21.297282
2013-11-18,25.799999,25.889999,25.799999,25.799999,63100,21.272546
2013-11-15,25.73,25.84,25.700001,25.799999,48500,21.272546
2013-11-14,25.809999,25.84,25.799999,25.799999,47900,21.272546
2013-11-13,25.84,25.84,25.799999,25.799999,58400,21.272546
2013-11-12,25.82,25.85,25.780001,25.780001,140400,21.256057
2013-11-11,25.799999,25.85,25.799999,25.809999,30800,21.280791
2013-11-08,25.799999,25.85,25.780001,25.799999,123100,21.272546
2013-11-07,25.799999,25.82,25.799999,25.799999,48800,21.272546
2013-11-06,25.84,25.85,25.76,25.76,51600,21.239566
2013-11-05,25.76,25.84,25.76,25.809999,44600,21.280791
2013-11-04,25.75,25.77,25.709999,25.76,51600,21.239566
2013-11-01,25.719999,25.780001,25.709999,25.75,33300,21.231321
2013-10-31,25.700001,25.75,25.68,25.73,87500,21.21483
2013-10-30,25.75,25.77,25.65,25.65,66200,21.148869
2013-10-29,25.74,25.76,25.709999,25.719999,57300,21.206585
2013-10-28,25.870001,25.870001,25.75,25.75,74500,21.231321
2013-10-25,25.809999,25.879999,25.75,25.84,52700,21.305527
2013-10-24,25.90,25.90,25.77,25.790001,63300,21.264302
2013-10-23,25.879999,25.940001,25.85,25.91,122400,21.363243
2013-10-22,25.75,25.879999,25.73,25.870001,78200,21.330263
2013-10-21,25.74,25.82,25.709999,25.719999,48900,21.206585
2013-10-18,25.74,25.82,25.700001,25.799999,87900,21.272546
2013-10-17,25.65,25.799999,25.620001,25.780001,114600,21.256057
2013-10-16,25.57,25.65,25.559999,25.620001,94200,21.124134
2013-10-15,25.60,25.60,25.549999,25.559999,90600,21.074662
2013-10-14,25.57,25.60,25.57,25.60,25800,21.107643
2013-10-11,25.59,25.60,25.549999,25.549999,65000,21.066417
2013-10-10,25.68,25.73,25.57,25.58,125900,21.091153
2013-10-09,25.65,25.700001,25.559999,25.65,89100,21.148869
2013-10-08,25.610001,25.629999,25.549999,25.559999,75200,21.074662
2013-10-07,25.65,25.68,25.58,25.60,154700,21.107643
2013-10-04,25.690001,25.73,25.58,25.58,185800,21.091153
2013-10-03,25.700001,25.73,25.67,25.67,67400,21.165359
2013-10-02,25.66,25.68,25.65,25.65,115100,21.148869
2013-10-01,25.700001,25.799999,25.65,25.65,78700,21.148869
2013-09-30,25.66,25.700001,25.65,25.68,91100,21.173605
2013-09-27,25.75,25.82,25.60,25.610001,82100,21.115889
2013-09-26,25.790001,25.84,25.719999,25.77,92300,21.247811
2013-09-25,26.09,26.200001,26.00,26.190001,91400,21.175254
2013-09-24,26.030001,26.07,26.00,26.00,90500,21.021634
2013-09-23,26.07,26.120001,25.98,25.98,89400,21.005463
2013-09-20,26.17,26.200001,26.01,26.030001,82200,21.04589
2013-09-19,26.120001,26.290001,26.02,26.110001,144300,21.110572
2013-09-18,25.950001,26.139999,25.860001,26.120001,73900,21.118657
2013-09-17,26.00,26.00,25.92,25.950001,68300,20.981208
2013-09-16,25.92,26.00,25.879999,26.00,141900,21.021634
2013-09-13,25.860001,25.92,25.860001,25.92,51500,20.956952
2013-09-12,25.879999,25.92,25.879999,25.90,84700,20.940781
2013-09-11,25.870001,25.91,25.85,25.879999,96000,20.92461
2013-09-10,25.799999,25.959999,25.799999,25.809999,175100,20.868014
2013-09-09,25.799999,25.91,25.799999,25.809999,126400,20.868014
2013-09-06,25.790001,25.889999,25.74,25.83,157000,20.884184
2013-09-05,25.780001,25.799999,25.709999,25.709999,90000,20.787161
2013-09-04,25.75,25.799999,25.719999,25.76,106200,20.827588
2013-09-03,25.799999,25.799999,25.719999,25.719999,103300,20.795246
2013-08-30,25.75,25.85,25.719999,25.77,133700,20.835673
2013-08-29,25.75,25.799999,25.709999,25.719999,167900,20.795246
2013-08-28,25.75,25.860001,25.73,25.799999,209000,20.859928
2013-08-27,25.700001,25.799999,25.66,25.799999,119000,20.859928
2013-08-26,25.690001,25.75,25.66,25.690001,69100,20.770992
2013-08-23,25.700001,25.76,25.65,25.66,145800,20.746735
2013-08-22,25.67,25.75,25.66,25.75,79600,20.819503
2013-08-21,25.65,25.67,25.57,25.620001,148200,20.714395
2013-08-20,25.66,25.709999,25.629999,25.65,182400,20.73865
2013-08-19,25.700001,25.74,25.65,25.66,138300,20.746735
2013-08-16,25.65,25.719999,25.65,25.66,117500,20.746735
2013-08-15,25.620001,25.690001,25.559999,25.629999,125200,20.722479
2013-08-14,25.700001,25.700001,25.620001,25.629999,75900,20.722479
2013-08-13,25.639999,25.700001,25.610001,25.690001,102900,20.770992
2013-08-12,25.57,25.66,25.57,25.57,62800,20.673968
2013-08-09,25.59,25.690001,25.50,25.549999,108800,20.657797
2013-08-08,25.639999,25.690001,25.549999,25.549999,74100,20.657797
2013-08-07,25.65,25.68,25.60,25.60,67300,20.698224
2013-08-06,25.719999,25.719999,25.57,25.67,100700,20.754821
2013-08-05,25.68,25.74,25.549999,25.629999,97500,20.722479
2013-08-02,25.67,25.709999,25.60,25.60,49300,20.698224
2013-08-01,25.75,25.85,25.629999,25.68,151600,20.762906
2013-07-31,25.65,25.82,25.58,25.809999,155500,20.868014
2013-07-30,25.620001,25.700001,25.60,25.67,79700,20.754821
2013-07-29,25.700001,25.700001,25.530001,25.540001,89600,20.649713
2013-07-26,25.68,25.709999,25.65,25.709999,92700,20.787161
2013-07-25,25.690001,25.690001,25.59,25.629999,159000,20.722479
2013-07-24,25.68,25.719999,25.68,25.68,56700,20.762906
2013-07-23,25.629999,25.73,25.629999,25.709999,89100,20.787161
2013-07-22,25.60,25.610001,25.549999,25.59,91300,20.690139
2013-07-19,25.639999,25.639999,25.48,25.48,295300,20.601201
2013-07-18,25.68,25.690001,25.50,25.530001,118700,20.641628
2013-07-17,25.65,25.719999,25.58,25.629999,115400,20.722479
2013-07-16,25.690001,25.709999,25.57,25.620001,55900,20.714395
2013-07-15,25.68,25.700001,25.58,25.610001,73000,20.70631
2013-07-12,25.58,25.700001,25.530001,25.58,52800,20.682053
2013-07-11,25.450001,25.65,25.360001,25.559999,178300,20.665882
2013-07-10,25.42,25.42,25.26,25.32,177400,20.471837
2013-07-09,25.25,25.309999,25.209999,25.23,136700,20.399069
2013-07-08,25.290001,25.33,25.16,25.18,176600,20.358644
2013-07-05,25.43,25.43,25.15,25.290001,245800,20.447582
2013-07-03,25.34,25.50,25.32,25.440001,34100,20.56886
2013-07-02,25.48,25.57,25.33,25.34,123500,20.488008
2013-07-01,25.49,25.49,25.35,25.389999,34600,20.528433
2013-06-28,25.450001,25.50,25.360001,25.360001,64900,20.504179
2013-06-27,25.41,25.50,25.35,25.49,110800,20.609286
2013-06-26,25.389999,25.540001,25.299999,25.33,99100,20.479922
2013-06-25,25.700001,25.790001,25.639999,25.700001,152400,20.368346
2013-06-24,25.700001,25.83,25.58,25.629999,168700,20.312867
2013-06-21,25.74,25.780001,25.58,25.639999,215800,20.320793
2013-06-20,25.690001,25.690001,25.559999,25.620001,182100,20.304943
2013-06-19,25.799999,25.84,25.75,25.76,96500,20.415898
2013-06-18,25.77,25.85,25.75,25.84,94300,20.479302
2013-06-17,25.85,25.860001,25.709999,25.75,176100,20.407973
2013-06-14,25.65,25.879999,25.58,25.83,287300,20.471376
2013-06-13,25.48,25.66,25.41,25.629999,273600,20.312867
2013-06-12,25.700001,25.700001,25.08,25.469999,233200,20.18606
2013-06-11,25.67,25.68,25.530001,25.530001,183300,20.233614
2013-06-10,25.700001,25.75,25.59,25.610001,182900,20.297017
2013-06-07,25.58,25.700001,25.58,25.66,68300,20.336644
2013-06-06,25.65,25.719999,25.49,25.549999,182600,20.249464
2013-06-05,25.73,25.82,25.65,25.66,121500,20.336644
2013-06-04,25.77,25.82,25.700001,25.73,142900,20.392122
2013-06-03,25.92,25.92,25.719999,25.77,136200,20.423824
2013-05-31,26.01,26.07,25.75,25.92,138200,20.542705
2013-05-30,25.98,26.10,25.92,26.00,73500,20.606109
2013-05-29,25.950001,26.09,25.92,25.98,103200,20.590257
2013-05-28,25.950001,26.10,25.879999,25.92,72000,20.542705
2013-05-24,25.889999,25.950001,25.860001,25.950001,51400,20.566482
2013-05-23,25.92,25.92,25.809999,25.879999,105300,20.511003
2013-05-22,25.959999,26.02,25.889999,25.889999,233900,20.518928
2013-05-21,25.93,26.00,25.93,26.00,86400,20.606109
2013-05-20,26.00,26.02,25.91,25.969999,86700,20.582332
2013-05-17,25.92,26.030001,25.879999,26.030001,72000,20.629885
2013-05-16,25.969999,25.98,25.950001,25.950001,59200,20.566482
2013-05-15,26.02,26.02,25.90,25.950001,69900,20.566482
2013-05-14,25.950001,26.040001,25.950001,26.01,45800,20.614034
2013-05-13,26.00,26.040001,26.00,26.02,75500,20.62196
2013-05-10,26.00,26.040001,26.00,26.040001,100700,20.637811
2013-05-09,26.10,26.10,26.01,26.040001,108100,20.637811
2013-05-08,26.08,26.190001,26.059999,26.129999,102800,20.709138
2013-05-07,25.969999,26.23,25.959999,26.23,417900,20.788393
2013-05-06,25.940001,26.049999,25.91,26.00,118500,20.606109
2013-05-03,25.860001,26.110001,25.85,25.879999,110600,20.511003
2013-05-02,25.82,25.950001,25.77,25.860001,158000,20.495153
2013-05-01,25.790001,25.809999,25.76,25.780001,39400,20.43175
2013-04-30,25.790001,25.83,25.77,25.790001,113600,20.439675
2013-04-29,25.709999,25.83,25.709999,25.83,104400,20.471376
2013-04-26,25.700001,25.74,25.700001,25.74,22300,20.400047
2013-04-25,25.709999,25.75,25.65,25.719999,29100,20.384196
2013-04-24,25.700001,25.799999,25.65,25.74,150200,20.400047
2013-04-23,25.700001,25.73,25.610001,25.639999,92000,20.320793
2013-04-22,25.65,25.700001,25.549999,25.629999,143400,20.312867
2013-04-19,25.67,25.75,25.48,25.48,347300,20.193986
2013-04-18,25.67,25.68,25.60,25.639999,101400,20.320793
2013-04-17,25.629999,25.68,25.60,25.65,97700,20.328718
2013-04-16,25.58,25.68,25.559999,25.65,51500,20.328718
2013-04-15,25.530001,25.60,25.52,25.58,71000,20.273241
2013-04-12,25.50,25.549999,25.50,25.530001,79700,20.233614
2013-04-11,25.540001,25.540001,25.48,25.49,58500,20.201912
2013-04-10,25.51,25.540001,25.42,25.51,75200,20.217763
2013-04-09,25.51,25.549999,25.440001,25.469999,83700,20.18606
2013-04-08,25.50,25.60,25.40,25.549999,74000,20.249464
2013-04-05,25.50,25.52,25.42,25.51,111700,20.217763
2013-04-04,25.49,25.52,25.459999,25.48,41700,20.193986
2013-04-03,25.51,25.549999,25.469999,25.49,78000,20.201912
2013-04-02,25.50,25.610001,25.469999,25.49,88000,20.201912
2013-04-01,25.700001,25.74,25.459999,25.51,84700,20.217763
2013-03-28,25.68,25.68,25.610001,25.620001,117900,20.304943
2013-03-27,25.389999,25.82,25.389999,25.82,142800,20.463451
2013-03-26,25.299999,25.469999,25.26,25.459999,203500,20.178135
2013-03-25,25.91,26.00,25.870001,25.969999,85600,20.179721
2013-03-22,25.950001,26.02,25.85,25.85,137200,20.086477
2013-03-21,25.860001,26.02,25.85,25.950001,105500,20.164181
2013-03-20,25.700001,25.870001,25.68,25.85,92400,20.086477
2013-03-19,25.65,25.700001,25.58,25.700001,120600,19.969921
2013-03-18,25.700001,25.700001,25.65,25.700001,87000,19.969921
2013-03-15,25.65,25.75,25.620001,25.75,114400,20.008772
2013-03-14,25.60,25.709999,25.58,25.68,106300,19.95438
2013-03-13,25.610001,25.610001,25.52,25.57,102400,19.868905
2013-03-12,25.65,25.65,25.57,25.57,89400,19.868905
2013-03-11,25.629999,25.629999,25.59,25.620001,61300,19.907758
2013-03-08,25.620001,25.67,25.620001,25.65,57100,19.931068
2013-03-07,25.68,25.68,25.60,25.65,96700,19.931068
2013-03-06,25.719999,25.719999,25.59,25.66,101500,19.938839
2013-03-05,25.65,25.709999,25.60,25.60,130900,19.892217
2013-03-04,25.610001,25.65,25.58,25.620001,86300,19.907758
2013-03-01,25.60,25.65,25.58,25.629999,40800,19.915527
2013-02-28,25.559999,25.60,25.559999,25.57,102700,19.868905
2013-02-27,25.540001,25.60,25.540001,25.60,86200,19.892217
2013-02-26,25.559999,25.60,25.450001,25.60,240300,19.892217
2013-02-25,25.60,25.639999,25.52,25.549999,199800,19.853364
2013-02-22,25.68,25.68,25.610001,25.639999,73900,19.923298
2013-02-21,25.73,25.75,25.690001,25.709999,92500,19.97769
2013-02-20,25.780001,25.790001,25.77,25.780001,31700,20.032084
2013-02-19,25.82,25.83,25.73,25.82,84900,20.063165
2013-02-15,25.709999,25.799999,25.709999,25.799999,60000,20.047624
2013-02-14,25.690001,25.790001,25.66,25.76,60200,20.016543
2013-02-13,25.629999,25.700001,25.620001,25.700001,39100,19.969921
2013-02-12,25.639999,25.66,25.60,25.620001,35000,19.907758
2013-02-11,25.58,25.639999,25.57,25.639999,48800,19.923298
2013-02-08,25.65,25.65,25.540001,25.639999,61000,19.923298
2013-02-07,25.629999,25.65,25.60,25.60,22200,19.892217
2013-02-06,25.549999,25.68,25.540001,25.65,64600,19.931068
2013-02-05,25.559999,25.58,25.50,25.559999,75400,19.861134
2013-02-04,25.530001,25.629999,25.530001,25.58,121700,19.876676
2013-02-01,25.530001,25.59,25.52,25.549999,61100,19.853364
2013-01-31,25.469999,25.530001,25.41,25.48,98600,19.798971
2013-01-30,25.459999,25.52,25.450001,25.52,83800,19.830054
2013-01-29,25.459999,25.51,25.459999,25.459999,106500,19.78343
2013-01-28,25.549999,25.559999,25.469999,25.51,93300,19.822283
2013-01-25,25.540001,25.549999,25.48,25.52,51400,19.830054
2013-01-24,25.610001,25.610001,25.450001,25.50,218400,19.814513
2013-01-23,25.58,25.610001,25.530001,25.60,87600,19.892217
2013-01-22,25.59,25.60,25.530001,25.549999,167200,19.853364
2013-01-18,25.559999,25.57,25.50,25.57,145000,19.868905
2013-01-17,25.52,25.530001,25.50,25.530001,94600,19.837824
2013-01-16,25.50,25.540001,25.459999,25.51,107400,19.822283
2013-01-15,25.50,25.549999,25.450001,25.52,124100,19.830054
2013-01-14,25.50,25.530001,25.49,25.51,85900,19.822283
2013-01-11,25.48,25.540001,25.48,25.51,81800,19.822283
2013-01-10,25.49,25.51,25.469999,25.48,189600,19.798971
2013-01-09,25.52,25.530001,25.49,25.50,165100,19.814513
2013-01-08,25.52,25.540001,25.469999,25.540001,107600,19.845595
2013-01-07,25.41,25.459999,25.40,25.450001,38800,19.775661
2013-01-04,25.459999,25.469999,25.41,25.450001,74200,19.775661
2013-01-03,25.450001,25.450001,25.379999,25.379999,93300,19.721267
2013-01-02,25.52,25.52,25.42,25.440001,78200,19.767891
2012-12-31,25.50,25.540001,25.370001,25.370001,119100,19.713498
2012-12-28,25.49,25.549999,25.440001,25.50,49200,19.814513
2012-12-27,25.540001,25.540001,25.43,25.51,13800,19.822283
2012-12-26,25.92,25.959999,25.889999,25.940001,54900,19.761674
2012-12-24,25.93,25.950001,25.91,25.93,10300,19.754055
2012-12-21,25.83,25.950001,25.809999,25.92,122900,19.746437
2012-12-20,25.84,25.950001,25.83,25.860001,94500,19.700728
2012-12-19,25.879999,25.889999,25.84,25.870001,58300,19.708346
2012-12-18,25.809999,25.889999,25.809999,25.879999,69300,19.715963
2012-12-17,25.83,25.879999,25.799999,25.809999,84300,19.662636
2012-12-14,25.809999,25.84,25.75,25.799999,109000,19.655017
2012-12-13,25.809999,25.85,25.780001,25.799999,179500,19.655017
2012-12-12,25.860001,25.90,25.809999,25.809999,120800,19.662636
2012-12-11,25.879999,25.940001,25.860001,25.889999,72000,19.723582
2012-12-10,25.940001,25.940001,25.879999,25.90,88000,19.7312
2012-12-07,25.92,25.940001,25.879999,25.889999,99000,19.723582
2012-12-06,25.90,25.950001,25.90,25.950001,62100,19.769292
2012-12-05,25.90,25.950001,25.90,25.940001,35000,19.761674
2012-12-04,25.879999,25.950001,25.879999,25.940001,49000,19.761674
2012-12-03,25.91,25.940001,25.879999,25.879999,49700,19.715963
2012-11-30,25.870001,25.950001,25.870001,25.91,63700,19.738818
2012-11-29,25.90,25.93,25.860001,25.860001,64200,19.700728
2012-11-28,25.860001,25.889999,25.809999,25.870001,90000,19.708346
2012-11-27,25.76,25.879999,25.76,25.860001,81900,19.700728
2012-11-26,25.870001,25.870001,25.780001,25.780001,58000,19.639782
2012-11-23,25.84,25.90,25.84,25.879999,48100,19.715963
2012-11-21,25.73,25.90,25.73,25.889999,125300,19.723582
2012-11-20,25.700001,25.790001,25.68,25.790001,55100,19.6474
2012-11-19,25.690001,25.74,25.68,25.709999,107800,19.586453
2012-11-16,25.639999,25.690001,25.620001,25.66,193800,19.548363
2012-11-15,25.65,25.68,25.610001,25.629999,134200,19.525508
2012-11-14,25.719999,25.75,25.629999,25.65,206200,19.540744
2012-11-13,25.709999,25.76,25.700001,25.76,81900,19.624545
2012-11-12,25.709999,25.75,25.700001,25.709999,128900,19.586453
2012-11-09,25.74,25.780001,25.74,25.780001,73900,19.639782
2012-11-08,25.75,25.799999,25.700001,25.709999,111900,19.586453
2012-11-07,25.809999,25.809999,25.74,25.76,123100,19.624545
2012-11-06,25.83,25.84,25.780001,25.799999,72600,19.655017
2012-11-05,25.799999,25.85,25.76,25.83,107000,19.677873
2012-11-02,25.84,25.85,25.799999,25.85,63800,19.693109
2012-11-01,25.799999,25.85,25.780001,25.82,49100,19.670254
2012-10-31,25.75,25.790001,25.719999,25.77,115700,19.632164
2012-10-26,25.719999,25.780001,25.719999,25.77,68100,19.632164
2012-10-25,25.77,25.780001,25.700001,25.700001,47100,19.578836
2012-10-24,25.780001,25.780001,25.73,25.77,50300,19.632164
2012-10-23,25.75,25.790001,25.709999,25.790001,85400,19.6474
2012-10-22,25.75,25.790001,25.700001,25.75,102400,19.616927
2012-10-19,25.85,25.870001,25.700001,25.700001,209300,19.578836
2012-10-18,25.799999,25.85,25.719999,25.83,124600,19.677873
2012-10-17,25.85,25.85,25.73,25.76,397100,19.624545
2012-10-16,25.85,25.92,25.809999,25.82,225400,19.670254
2012-10-15,25.92,25.93,25.84,25.84,160700,19.685491
2012-10-12,25.889999,25.889999,25.809999,25.809999,65700,19.662636
2012-10-11,25.889999,25.889999,25.84,25.84,84900,19.685491
2012-10-10,25.860001,25.889999,25.799999,25.84,130400,19.685491
2012-10-09,25.93,25.940001,25.860001,25.91,76900,19.738818
2012-10-08,25.93,25.940001,25.860001,25.889999,57400,19.723582
2012-10-05,25.790001,25.950001,25.790001,25.950001,93000,19.769292
2012-10-04,25.85,25.860001,25.799999,25.82,111500,19.670254
2012-10-03,25.790001,25.889999,25.790001,25.879999,227900,19.715963
2012-10-02,25.700001,25.74,25.690001,25.709999,75700,19.586453
2012-10-01,25.77,25.77,25.67,25.74,153400,19.609308
2012-09-28,25.73,25.75,25.690001,25.74,300400,19.609308
2012-09-27,25.73,25.74,25.59,25.639999,149800,19.533126
2012-09-26,25.719999,25.719999,25.60,25.690001,160300,19.571218
2012-09-25,26.049999,26.120001,26.049999,26.059999,161500,19.466086
2012-09-24,26.120001,26.139999,26.030001,26.030001,203500,19.443678
2012-09-21,26.110001,26.16,26.059999,26.09,93800,19.488496
2012-09-20,26.049999,26.08,26.00,26.030001,204700,19.443678
2012-09-19,26.030001,26.049999,26.00,26.02,121300,19.436208
2012-09-18,26.049999,26.08,25.959999,25.98,305700,19.406328
2012-09-17,26.049999,26.07,26.02,26.040001,127000,19.451148
2012-09-14,26.15,26.17,26.02,26.049999,478100,19.458616
2012-09-13,26.030001,26.040001,25.969999,26.040001,312800,19.451148
2012-09-12,26.040001,26.059999,26.00,26.049999,285500,19.458616
2012-09-11,26.02,26.110001,26.00,26.02,261300,19.436208
2012-09-10,26.379999,26.379999,25.92,26.00,711700,19.421268
2012-09-07,26.27,26.379999,26.27,26.379999,26500,19.705117
2012-09-06,26.309999,26.35,26.25,26.35,52100,19.682708
2012-09-05,26.26,26.33,26.26,26.32,55900,19.660299
2012-09-04,26.15,26.299999,26.120001,26.26,141700,19.615481
2012-08-31,26.200001,26.24,26.18,26.190001,51900,19.563193
2012-08-30,26.209999,26.25,26.17,26.219999,65700,19.585601
2012-08-29,26.190001,26.23,26.15,26.219999,107500,19.585601
2012-08-28,26.16,26.219999,26.120001,26.200001,139400,19.570663
2012-08-27,26.309999,26.360001,26.120001,26.16,157900,19.540783
2012-08-24,26.299999,26.370001,26.26,26.360001,54700,19.690178
2012-08-23,26.33,26.379999,26.299999,26.299999,58900,19.645359
2012-08-22,26.35,26.35,26.27,26.33,58700,19.667769
2012-08-21,26.25,26.34,26.25,26.280001,67200,19.630421
2012-08-20,26.34,26.41,26.200001,26.209999,84000,19.578131
2012-08-17,26.309999,26.389999,26.219999,26.379999,46800,19.705117
2012-08-16,26.33,26.35,26.32,26.35,74500,19.682708
2012-08-15,26.23,26.360001,26.209999,26.35,148900,19.682708
2012-08-14,26.110001,26.26,26.110001,26.209999,142600,19.578131
2012-08-13,26.200001,26.26,26.059999,26.08,83600,19.481026
2012-08-10,26.25,26.34,26.18,26.190001,138200,19.563193
2012-08-09,26.379999,26.48,26.190001,26.309999,114100,19.652829
2012-08-08,26.43,26.48,26.32,26.440001,78500,19.749936
2012-08-07,26.27,26.50,26.27,26.43,93900,19.742466
2012-08-06,26.200001,26.32,26.190001,26.309999,103300,19.652829
2012-08-03,26.290001,26.290001,26.200001,26.200001,35100,19.570663
2012-08-02,26.209999,26.26,26.200001,26.25,45800,19.608011
2012-08-01,26.200001,26.27,26.190001,26.200001,63300,19.570663
2012-07-31,26.16,26.33,26.16,26.23,68700,19.593071
2012-07-30,26.33,26.33,26.18,26.18,90300,19.555723
2012-07-27,26.299999,26.33,26.24,26.33,43800,19.667769
2012-07-26,26.23,26.309999,26.18,26.219999,170300,19.585601
2012-07-25,26.200001,26.33,26.129999,26.309999,133000,19.652829
2012-07-24,26.23,26.280001,26.10,26.16,96400,19.540783
2012-07-23,26.17,26.33,26.120001,26.33,77300,19.667769
2012-07-20,26.10,26.280001,26.10,26.280001,63900,19.630421
2012-07-19,26.139999,26.209999,26.10,26.18,77900,19.555723
2012-07-18,26.200001,26.200001,26.049999,26.10,87600,19.495965
2012-07-17,26.17,26.209999,26.049999,26.18,196400,19.555723
2012-07-16,26.00,26.09,25.950001,26.059999,137600,19.466086
2012-07-13,26.139999,26.209999,25.93,26.00,166800,19.421268
2012-07-12,26.200001,26.23,26.120001,26.17,70000,19.548253
2012-07-11,26.25,26.25,26.16,26.23,96900,19.593071
2012-07-10,26.219999,26.25,26.07,26.24,126600,19.600541
2012-07-09,26.26,26.290001,26.219999,26.27,90500,19.622951
2012-07-06,26.299999,26.33,26.219999,26.33,94400,19.667769
2012-07-05,26.299999,26.34,26.15,26.33,132300,19.667769
2012-07-03,26.35,26.389999,26.280001,26.33,137600,19.667769
2012-07-02,26.549999,26.549999,26.299999,26.450001,74500,19.757406
2012-06-29,26.709999,26.709999,26.33,26.360001,119000,19.690178
2012-06-28,26.290001,26.440001,26.290001,26.43,86500,19.742466
2012-06-27,26.23,26.389999,26.23,26.34,217200,19.675239
2012-06-26,26.48,26.59,26.450001,26.51,157200,19.422763
2012-06-25,26.48,26.48,26.360001,26.459999,58700,19.386129
2012-06-22,26.52,26.52,26.450001,26.50,63200,19.415436
2012-06-21,26.530001,26.57,26.469999,26.50,220700,19.415436
2012-06-20,26.530001,26.530001,26.389999,26.51,148700,19.422763
2012-06-19,26.49,26.540001,26.469999,26.530001,128200,19.437416
2012-06-18,26.43,26.469999,26.35,26.450001,109500,19.378804
2012-06-15,26.389999,26.440001,26.35,26.40,63400,19.34217
2012-06-14,26.200001,26.379999,26.07,26.33,116300,19.290884
2012-06-13,26.15,26.26,26.129999,26.209999,61600,19.202965
2012-06-12,26.290001,26.290001,26.120001,26.24,55400,19.224945
2012-06-11,26.190001,26.40,26.190001,26.219999,67900,19.210291
2012-06-08,26.17,26.26,26.110001,26.18,98300,19.180986
2012-06-07,26.35,26.370001,26.23,26.24,162900,19.224945
2012-06-06,26.15,26.219999,26.110001,26.15,77000,19.159006
2012-06-05,25.99,26.17,25.99,26.07,123100,19.100393
2012-06-04,26.02,26.02,25.889999,26.00,96400,19.049107
2012-06-01,26.00,26.10,25.889999,26.030001,93800,19.071087
2012-05-31,26.280001,26.290001,26.110001,26.18,71700,19.180986
2012-05-30,26.34,26.35,26.15,26.15,180600,19.159006
2012-05-29,26.35,26.42,26.25,26.389999,94800,19.334843
2012-05-25,26.219999,26.35,26.209999,26.35,91800,19.305538
2012-05-24,25.90,26.35,25.90,26.200001,150400,19.195639
2012-05-23,25.90,25.950001,25.68,25.809999,299000,18.909902
2012-05-22,25.93,26.040001,25.799999,25.84,212100,18.931882
2012-05-21,25.76,25.90,25.75,25.870001,178100,18.953862
2012-05-18,26.059999,26.09,25.74,25.74,237000,18.858616
2012-05-17,26.17,26.309999,26.040001,26.139999,235200,19.151679
2012-05-16,26.34,26.370001,26.16,26.16,228200,19.166332
2012-05-15,26.450001,26.50,26.34,26.42,154000,19.356824
2012-05-14,26.450001,26.52,26.42,26.43,86100,19.36415
2012-05-11,26.450001,26.549999,26.440001,26.52,88000,19.43009
2012-05-10,26.52,26.549999,26.440001,26.51,98900,19.422763
2012-05-09,26.299999,26.540001,26.280001,26.52,127700,19.43009
2012-05-08,26.40,26.50,26.34,26.49,239600,19.408109
2012-05-07,26.379999,26.450001,26.35,26.42,110000,19.356824
2012-05-04,26.35,26.389999,26.34,26.370001,54600,19.320191
2012-05-03,26.34,26.389999,26.33,26.370001,63000,19.320191
2012-05-02,26.280001,26.40,26.280001,26.370001,85000,19.320191
2012-05-01,26.32,26.379999,26.32,26.35,77800,19.305538
2012-04-30,26.370001,26.379999,26.299999,26.34,65000,19.298211
2012-04-27,26.379999,26.40,26.32,26.370001,83400,19.320191
2012-04-26,26.32,26.389999,26.299999,26.379999,74600,19.327517
2012-04-25,26.290001,26.299999,26.25,26.299999,120400,19.268904
2012-04-24,26.219999,26.290001,26.219999,26.23,94200,19.217618
2012-04-23,26.049999,26.27,26.040001,26.27,118600,19.246925
2012-04-20,26.23,26.280001,25.99,25.99,231400,19.04178
2012-04-19,26.280001,26.290001,26.23,26.24,82400,19.224945
2012-04-18,26.309999,26.32,26.200001,26.200001,184200,19.195639
2012-04-17,26.33,26.40,26.309999,26.32,67700,19.283558
2012-04-16,26.15,26.360001,26.129999,26.309999,102500,19.276231
2012-04-13,26.17,26.219999,26.139999,26.15,43100,19.159006
2012-04-12,26.030001,26.33,25.98,26.27,177000,19.246925
2012-04-11,26.139999,26.139999,26.00,26.059999,140700,19.093066
2012-04-10,26.18,26.18,26.00,26.00,94400,19.049107
2012-04-09,26.16,26.25,26.120001,26.15,70600,19.159006
2012-04-05,26.18,26.219999,26.16,26.209999,22600,19.202965
2012-04-04,26.030001,26.299999,26.030001,26.219999,109800,19.210291
2012-04-03,26.24,26.299999,26.15,26.15,100700,19.159006
2012-04-02,26.200001,26.360001,26.16,26.280001,152900,19.254252
2012-03-30,26.17,26.200001,26.139999,26.139999,226500,19.151679
2012-03-29,26.299999,26.299999,26.16,26.18,154700,19.180986
2012-03-28,26.40,26.41,26.18,26.24,98800,19.224945
2012-03-27,26.799999,26.870001,26.719999,26.76,201600,19.233736
2012-03-26,26.879999,26.879999,26.75,26.780001,204400,19.248111
2012-03-23,26.76,26.870001,26.76,26.799999,87600,19.262485
2012-03-22,26.780001,26.84,26.75,26.75,53100,19.226548
2012-03-21,26.73,26.809999,26.73,26.780001,77300,19.248111
2012-03-20,26.639999,26.77,26.59,26.75,143900,19.226548
2012-03-19,26.51,26.629999,26.48,26.620001,93100,19.133111
2012-03-16,26.559999,26.58,26.48,26.540001,97000,19.075611
2012-03-15,26.60,26.719999,26.60,26.639999,84700,19.147485
2012-03-14,26.74,26.82,26.67,26.68,68500,19.176236
2012-03-13,26.559999,26.780001,26.559999,26.74,92300,19.21936
2012-03-12,26.48,26.639999,26.40,26.620001,166600,19.133111
2012-03-09,26.40,26.49,26.40,26.48,73200,19.032485
2012-03-08,26.40,26.459999,26.370001,26.40,117900,18.974986
2012-03-07,26.43,26.469999,26.370001,26.370001,151700,18.953424
2012-03-06,26.42,26.48,26.360001,26.469999,90900,19.025298
2012-03-05,26.42,26.48,26.41,26.469999,40300,19.025298
2012-03-02,26.440001,26.469999,26.40,26.42,73100,18.989361
2012-03-01,26.40,26.50,26.40,26.440001,151000,19.003736
2012-02-29,26.450001,26.49,26.379999,26.389999,233300,18.967798
2012-02-28,26.450001,26.50,26.41,26.450001,151500,19.010924
2012-02-27,26.379999,26.49,26.35,26.49,94800,19.039673
2012-02-24,26.379999,26.440001,26.360001,26.40,51600,18.974986
2012-02-23,26.33,26.42,26.33,26.379999,87500,18.96061
2012-02-22,26.34,26.360001,26.309999,26.309999,98800,18.910298
2012-02-21,26.35,26.43,26.34,26.42,89000,18.989361
2012-02-17,26.389999,26.459999,26.290001,26.290001,208100,18.895924
2012-02-16,26.25,26.40,26.25,26.370001,134300,18.953424
2012-02-15,26.280001,26.34,26.25,26.299999,96800,18.90311
2012-02-14,26.219999,26.290001,26.200001,26.200001,71500,18.831236
2012-02-13,26.16,26.25,26.16,26.25,101300,18.867173
2012-02-10,26.23,26.23,26.139999,26.139999,110800,18.788111
2012-02-09,26.25,26.25,26.200001,26.23,126000,18.852798
2012-02-08,26.23,26.309999,26.209999,26.26,81100,18.874361
2012-02-07,26.24,26.280001,26.200001,26.219999,78700,18.84561
2012-02-06,26.25,26.290001,26.200001,26.219999,68400,18.84561
2012-02-03,26.299999,26.35,26.24,26.33,87300,18.924673
2012-02-02,26.25,26.299999,26.23,26.23,45000,18.852798
2012-02-01,26.25,26.33,26.209999,26.25,102200,18.867173
2012-01-31,26.25,26.27,26.200001,26.25,98300,18.867173
2012-01-30,26.059999,26.24,26.059999,26.190001,84700,18.824049
2012-01-27,26.24,26.24,26.15,26.18,65500,18.816861
2012-01-26,26.15,26.24,26.129999,26.209999,100200,18.838423
2012-01-25,26.17,26.25,26.110001,26.110001,248000,18.766549
2012-01-24,26.209999,26.290001,26.16,26.209999,156100,18.838423
2012-01-23,26.18,26.23,26.139999,26.200001,75300,18.831236
2012-01-20,26.08,26.200001,26.059999,26.17,88300,18.809674
2012-01-19,26.15,26.200001,25.959999,25.969999,234300,18.665923
2012-01-18,26.10,26.17,26.049999,26.139999,161100,18.788111
2012-01-17,26.09,26.15,26.059999,26.10,67600,18.759361
2012-01-13,26.02,26.059999,25.85,26.040001,81800,18.716237
2012-01-12,26.040001,26.07,25.92,26.00,128300,18.687486
2012-01-11,26.049999,26.10,26.02,26.049999,103500,18.723423
2012-01-10,26.09,26.09,26.00,26.01,125900,18.694674
2012-01-09,25.940001,26.030001,25.91,26.030001,83600,18.709049
2012-01-06,26.00,26.190001,25.950001,25.98,66600,18.673111
2012-01-05,25.870001,26.00,25.780001,25.99,105800,18.680298
2012-01-04,25.799999,25.85,25.780001,25.83,64200,18.565299
2012-01-03,25.809999,25.90,25.75,25.75,55700,18.507799
2011-12-30,25.799999,25.889999,25.75,25.75,27500,18.507799
2011-12-29,25.879999,25.879999,25.75,25.76,40800,18.514986
2011-12-28,25.700001,25.870001,25.700001,25.799999,84800,18.543736
2011-12-27,26.25,26.34,26.18,26.18,75900,18.451738
2011-12-23,26.07,26.33,26.07,26.309999,49800,18.543362
2011-12-22,26.07,26.23,25.98,26.10,172700,18.395354
2011-12-21,26.120001,26.120001,26.02,26.09,85500,18.388305
2011-12-20,26.139999,26.219999,26.059999,26.059999,97300,18.367161
2011-12-19,26.139999,26.35,26.01,26.08,72400,18.381257
2011-12-16,26.059999,26.190001,25.969999,26.129999,91500,18.416497
2011-12-15,26.049999,26.139999,26.01,26.08,60300,18.381257
2011-12-14,26.17,26.190001,26.030001,26.049999,58600,18.360113
2011-12-13,26.110001,26.18,25.98,26.15,82800,18.430593
2011-12-12,25.959999,26.049999,25.90,26.049999,31700,18.360113
2011-12-09,25.92,26.08,25.889999,26.08,29100,18.381257
2011-12-08,25.809999,25.98,25.809999,25.950001,39500,18.289633
2011-12-07,25.860001,25.959999,25.780001,25.91,79700,18.261441
2011-12-06,26.049999,26.09,25.76,25.870001,81500,18.233249
2011-12-05,25.91,26.17,25.91,26.110001,149500,18.402402
2011-12-02,25.860001,25.93,25.790001,25.809999,63900,18.19096
2011-12-01,25.92,25.969999,25.85,25.860001,45000,18.226201
2011-11-30,25.98,26.049999,25.870001,26.00,84200,18.324873
2011-11-29,25.780001,25.83,25.58,25.780001,57100,18.169817
2011-11-28,25.75,25.82,25.559999,25.76,86400,18.155721
2011-11-25,25.58,25.66,25.51,25.51,28100,17.97952
2011-11-23,25.58,25.620001,25.51,25.51,112000,17.97952
2011-11-22,25.620001,25.700001,25.559999,25.639999,151100,18.071144
2011-11-21,25.75,25.799999,25.60,25.68,150500,18.099336
2011-11-18,25.799999,25.889999,25.75,25.85,56900,18.219153
2011-11-17,25.84,25.98,25.809999,25.91,51900,18.261441
2011-11-16,25.870001,25.99,25.790001,25.889999,34500,18.247344
2011-11-15,25.83,25.940001,25.83,25.889999,51500,18.247344
2011-11-14,25.860001,25.98,25.799999,25.879999,46500,18.240296
2011-11-11,25.809999,25.950001,25.799999,25.90,43500,18.254393
2011-11-10,25.790001,25.889999,25.610001,25.709999,97900,18.12048
2011-11-09,25.879999,25.959999,25.50,25.879999,151500,18.240296
2011-11-08,26.17,26.17,25.93,26.00,47100,18.324873
2011-11-07,26.23,26.309999,26.00,26.030001,42300,18.346018
2011-11-04,26.110001,26.40,26.01,26.25,123700,18.501074
2011-11-03,26.27,26.309999,25.90,26.00,87700,18.324873
2011-11-02,26.299999,26.309999,26.120001,26.26,53300,18.508122
2011-11-01,25.610001,26.129999,25.610001,25.969999,61000,18.303729
2011-10-31,26.360001,26.50,26.219999,26.219999,45100,18.479929
2011-10-28,26.450001,26.799999,26.299999,26.66,150500,18.790043
2011-10-27,26.450001,26.549999,26.309999,26.450001,121400,18.642035
2011-10-26,26.040001,26.32,26.02,26.32,414600,18.55041
2011-10-25,26.190001,26.190001,25.950001,26.030001,38400,18.346018
2011-10-24,26.049999,26.26,26.00,26.190001,83700,18.458786
2011-10-21,25.940001,26.030001,25.83,26.030001,73600,18.346018
2011-10-20,26.030001,26.040001,25.719999,25.77,34600,18.162769
2011-10-19,25.940001,26.17,25.91,26.00,205400,18.324873
2011-10-18,25.870001,26.00,25.809999,26.00,126900,18.324873
2011-10-17,25.67,25.940001,25.67,25.85,59000,18.219153
2011-10-14,25.85,25.889999,25.709999,25.719999,69100,18.127528
2011-10-13,25.809999,25.879999,25.68,25.700001,67100,18.113433
2011-10-12,25.549999,25.969999,25.549999,25.889999,117600,18.247344
2011-10-11,25.42,25.58,25.41,25.48,84000,17.958375
2011-10-10,25.610001,25.610001,25.35,25.370001,98500,17.880848
2011-10-07,25.450001,25.48,25.360001,25.440001,64300,17.930184
2011-10-06,25.200001,25.469999,25.200001,25.370001,140000,17.880848
2011-10-05,25.139999,25.26,25.030001,25.24,103700,17.789223
2011-10-04,25.00,25.219999,24.709999,24.940001,286500,17.577782
2011-10-03,25.60,25.639999,25.10,25.280001,132500,17.817416
2011-09-30,25.440001,25.73,25.360001,25.690001,74800,18.106385
2011-09-29,25.549999,25.73,25.41,25.690001,76700,18.106385
2011-09-28,25.40,25.700001,25.280001,25.280001,94000,17.817416
2011-09-27,25.959999,26.00,25.73,25.74,333200,17.783584
2011-09-26,25.75,25.799999,25.60,25.709999,185800,17.762857
2011-09-23,25.66,25.799999,25.60,25.799999,122400,17.825037
2011-09-22,26.00,26.00,25.65,25.83,189200,17.845764
2011-09-21,26.18,26.32,26.10,26.17,82000,18.080668
2011-09-20,26.07,26.18,25.959999,26.10,82800,18.032306
2011-09-19,26.02,26.16,26.02,26.09,68000,18.025397
2011-09-16,26.219999,26.360001,26.15,26.18,68000,18.087577
2011-09-15,26.15,26.24,26.049999,26.200001,80800,18.101395
2011-09-14,26.15,26.23,25.809999,26.030001,102200,17.983944
2011-09-13,25.68,26.299999,25.540001,26.15,210400,18.06685
2011-09-12,26.35,26.35,25.51,25.690001,289600,17.74904
2011-09-09,26.43,26.549999,26.33,26.48,117000,18.294845
2011-09-08,26.48,26.690001,26.360001,26.52,56500,18.322481
2011-09-07,26.459999,26.549999,26.389999,26.49,71800,18.301754
2011-09-06,26.18,26.50,26.10,26.440001,112000,18.26721
2011-09-02,26.41,26.49,26.299999,26.34,85700,18.19812
2011-09-01,26.51,26.67,26.309999,26.540001,107900,18.336299
2011-08-31,26.43,26.49,26.299999,26.440001,109600,18.26721
2011-08-30,26.18,26.389999,26.18,26.35,65400,18.205029
2011-08-29,26.360001,26.370001,26.10,26.17,413300,18.080668
2011-08-26,26.25,26.370001,26.200001,26.35,84000,18.205029
2011-08-25,26.15,26.290001,26.030001,26.10,71700,18.032306
2011-08-24,26.09,26.25,25.91,26.00,166300,17.963216
2011-08-23,25.799999,26.200001,25.65,26.15,71700,18.06685
2011-08-22,26.370001,26.370001,25.75,25.75,118100,17.790493
2011-08-19,26.190001,26.370001,25.950001,26.23,233700,18.122121
2011-08-18,26.10,26.35,25.879999,26.299999,122600,18.170484
2011-08-17,26.299999,26.42,26.27,26.35,58200,18.205029
2011-08-16,26.18,26.50,26.110001,26.41,78200,18.246482
2011-08-15,26.25,26.299999,26.15,26.23,105800,18.122121
2011-08-12,26.41,26.50,26.120001,26.16,84800,18.073759
2011-08-11,26.02,26.50,26.02,26.469999,194200,18.287936
2011-08-10,26.42,26.57,26.00,26.00,283400,17.963216
2011-08-09,25.690001,26.43,25.25,26.35,313900,18.205029
2011-08-08,25.190001,25.92,25.00,25.280001,704600,17.465774
2011-08-05,26.459999,26.459999,24.549999,25.610001,483000,17.693768
2011-08-04,26.58,26.59,26.299999,26.299999,147200,18.170484
2011-08-03,26.68,26.68,26.51,26.620001,54500,18.391571
2011-08-02,26.75,26.77,26.57,26.610001,74600,18.384661
2011-08-01,26.75,26.809999,26.66,26.719999,68500,18.460659
2011-07-29,26.549999,26.60,26.280001,26.59,125500,18.370843
2011-07-28,26.610001,26.629999,26.50,26.530001,79400,18.32939
2011-07-27,26.77,26.780001,26.610001,26.629999,61300,18.398478
2011-07-26,26.780001,26.83,26.639999,26.76,49900,18.488295
2011-07-25,26.77,26.77,26.65,26.76,49600,18.488295
2011-07-22,26.75,26.84,26.690001,26.799999,44400,18.51593
2011-07-21,26.66,26.83,26.66,26.809999,48000,18.522839
2011-07-20,26.65,26.700001,26.58,26.629999,96600,18.398478
2011-07-19,26.75,26.75,26.67,26.75,75800,18.481386
2011-07-18,26.68,26.790001,26.620001,26.700001,194700,18.446842
2011-07-15,26.629999,26.82,26.629999,26.82,57300,18.529748
2011-07-14,26.709999,26.860001,26.50,26.719999,92500,18.460659
2011-07-13,26.65,26.84,26.559999,26.790001,82800,18.509022
2011-07-12,26.629999,26.65,26.450001,26.530001,180600,18.32939
2011-07-11,26.60,26.66,26.60,26.639999,143400,18.405387
2011-07-08,26.66,26.799999,26.66,26.74,37700,18.474477
2011-07-07,26.799999,26.85,26.68,26.75,81300,18.481386
2011-07-06,26.68,26.75,26.68,26.719999,93500,18.460659
2011-07-05,26.73,26.780001,26.65,26.68,98100,18.433024
2011-07-01,26.67,26.700001,26.610001,26.66,38900,18.419206
2011-06-30,26.610001,26.68,26.57,26.610001,96800,18.384661
2011-06-29,26.51,26.540001,26.27,26.51,133400,18.315572
2011-06-28,26.549999,26.549999,26.450001,26.50,21400,18.308663
2011-06-27,26.940001,27.030001,26.91,26.91,63000,18.240955
2011-06-24,27.08,27.08,26.90,26.98,45500,18.288404
2011-06-23,27.01,27.059999,26.92,27.030001,64800,18.322297
2011-06-22,26.92,27.10,26.879999,27.10,65100,18.369747
2011-06-21,26.90,27.00,26.77,26.83,73100,18.186727
2011-06-20,26.809999,26.85,26.77,26.85,51800,18.200284
2011-06-17,26.84,26.879999,26.60,26.82,62600,18.179948
2011-06-16,27.040001,27.040001,26.700001,26.76,105600,18.139278
2011-06-15,27.139999,27.139999,27.00,27.01,73500,18.30874
2011-06-14,27.190001,27.24,27.15,27.200001,34400,18.437532
2011-06-13,27.35,27.450001,27.16,27.190001,128400,18.430753
2011-06-10,27.299999,27.360001,27.299999,27.299999,71300,18.505316
2011-06-09,27.32,27.35,27.299999,27.299999,83700,18.505316
2011-06-08,27.32,27.360001,27.299999,27.35,38800,18.539209
2011-06-07,27.290001,27.299999,27.15,27.299999,68200,18.505316
2011-06-06,27.440001,27.440001,27.25,27.309999,32900,18.512095
2011-06-03,27.309999,27.469999,27.309999,27.469999,44900,18.620551
2011-06-02,27.34,27.360001,27.299999,27.309999,94600,18.512095
2011-06-01,27.33,27.379999,27.33,27.34,89800,18.532431
2011-05-31,27.41,27.450001,27.35,27.389999,92100,18.566323
2011-05-27,27.459999,27.469999,27.40,27.41,65500,18.57988
2011-05-26,27.43,27.459999,27.370001,27.41,43800,18.57988
2011-05-25,27.389999,27.49,27.24,27.469999,65000,18.620551
2011-05-24,27.450001,27.48,27.290001,27.469999,60400,18.620551
2011-05-23,27.35,27.41,27.209999,27.41,79900,18.57988
2011-05-20,27.34,27.379999,27.34,27.379999,121700,18.559544
2011-05-19,27.299999,27.35,27.25,27.35,138600,18.539209
2011-05-18,27.24,27.35,27.139999,27.290001,52800,18.498539
2011-05-17,27.35,27.389999,27.129999,27.290001,114200,18.498539
2011-05-16,27.42,27.440001,27.35,27.389999,64300,18.566323
2011-05-13,27.40,27.50,27.389999,27.49,37600,18.634108
2011-05-12,27.35,27.459999,27.32,27.370001,53000,18.552767
2011-05-11,27.41,27.459999,27.280001,27.41,58000,18.57988
2011-05-10,27.48,27.49,27.41,27.42,54200,18.586659
2011-05-09,27.40,27.50,27.40,27.50,69000,18.640887
2011-05-06,27.40,27.450001,27.34,27.450001,48100,18.606995
2011-05-05,27.379999,27.459999,27.34,27.42,48900,18.586659
2011-05-04,27.280001,27.40,27.280001,27.40,37000,18.573101
2011-05-03,27.24,27.33,27.209999,27.32,50000,18.518873
2011-05-02,27.450001,27.450001,27.27,27.33,85000,18.525652
2011-04-29,27.43,27.459999,27.33,27.42,33000,18.586659
2011-04-28,27.26,27.450001,27.24,27.450001,182100,18.606995
2011-04-27,27.35,27.40,27.17,27.33,98500,18.525652
2011-04-26,27.10,27.40,27.10,27.35,165400,18.539209
2011-04-25,27.08,27.18,27.040001,27.110001,66100,18.376525
2011-04-21,27.129999,27.18,27.049999,27.08,58800,18.356189
2011-04-20,27.10,27.200001,26.959999,27.200001,98800,18.437532
2011-04-19,26.98,27.040001,26.940001,26.99,62800,18.295183
2011-04-18,26.99,26.99,26.879999,26.879999,71600,18.220619
2011-04-15,26.84,27.040001,26.83,27.02,47300,18.315519
2011-04-14,26.700001,26.879999,26.68,26.68,68900,18.08505
2011-04-13,26.799999,26.860001,26.75,26.77,62000,18.146056
2011-04-12,27.00,27.02,26.799999,26.799999,187900,18.166391
2011-04-11,27.00,27.049999,26.950001,26.969999,101500,18.281626
2011-04-08,27.049999,27.09,26.950001,26.950001,104300,18.268069
2011-04-07,27.24,27.280001,27.00,27.00,96400,18.301961
2011-04-06,27.360001,27.42,27.280001,27.32,85000,18.518873
2011-04-05,27.23,27.620001,27.129999,27.450001,188900,18.606995
2011-04-04,27.26,27.35,27.129999,27.25,97800,18.471424
2011-04-01,27.23,27.32,27.200001,27.299999,120500,18.505316
2011-03-31,26.969999,27.32,26.969999,27.32,165800,18.518873
2011-03-30,26.959999,27.00,26.83,26.92,128300,18.247733
2011-03-29,26.82,27.049999,26.82,26.889999,105400,18.227398
2011-03-28,27.41,27.459999,27.360001,27.40,69300,18.228753
2011-03-25,27.42,27.48,27.299999,27.370001,75800,18.208795
2011-03-24,27.34,27.469999,27.34,27.379999,147100,18.215447
2011-03-23,27.40,27.40,27.219999,27.34,134300,18.188836
2011-03-22,27.18,27.48,27.18,27.360001,127900,18.202142
2011-03-21,26.98,27.280001,26.969999,27.24,73300,18.122308
2011-03-18,26.870001,27.040001,26.85,26.93,129300,17.91607
2011-03-17,26.83,26.879999,26.74,26.799999,134400,17.829583
2011-03-16,26.940001,27.24,26.75,26.75,104500,17.796319
2011-03-15,26.83,26.98,26.719999,26.92,66800,17.909417
2011-03-14,26.73,26.93,26.73,26.889999,26300,17.889459
2011-03-11,26.83,26.889999,26.73,26.809999,50400,17.836236
2011-03-10,26.950001,26.98,26.780001,26.83,79200,17.849542
2011-03-09,26.799999,26.950001,26.799999,26.940001,88100,17.922723
2011-03-08,26.90,26.91,26.809999,26.82,54400,17.842889
2011-03-07,26.90,26.99,26.879999,26.879999,83100,17.882806
2011-03-04,26.83,26.99,26.83,26.92,202900,17.909417
2011-03-03,26.700001,26.85,26.629999,26.83,97600,17.849542
2011-03-02,26.639999,26.780001,26.389999,26.68,247400,17.74975
2011-03-01,26.59,26.709999,26.59,26.620001,144700,17.709833
2011-02-28,26.559999,26.58,26.48,26.540001,157600,17.65661
2011-02-25,26.559999,26.65,26.48,26.48,78600,17.616693
2011-02-24,26.60,26.67,26.49,26.540001,126700,17.65661
2011-02-23,26.57,26.620001,26.469999,26.59,144600,17.689874
2011-02-22,26.76,26.799999,26.51,26.52,254800,17.643305
2011-02-18,26.77,26.90,26.75,26.809999,66300,17.836236
2011-02-17,26.82,26.92,26.75,26.75,45300,17.796319
2011-02-16,26.700001,26.799999,26.700001,26.790001,54200,17.822931
2011-02-15,26.799999,26.83,26.610001,26.700001,234100,17.763056
2011-02-14,26.91,26.93,26.76,26.799999,201500,17.829583
2011-02-11,26.790001,26.959999,26.780001,26.959999,62100,17.936028
2011-02-10,26.780001,26.959999,26.77,26.879999,88400,17.882806
2011-02-09,26.709999,26.799999,26.709999,26.75,75900,17.796319
2011-02-08,26.700001,26.780001,26.65,26.700001,209800,17.763056
2011-02-07,26.610001,26.709999,26.549999,26.68,67800,17.74975
2011-02-04,26.700001,26.75,26.700001,26.74,61100,17.789666
2011-02-03,26.73,26.790001,26.67,26.709999,163200,17.769707
2011-02-02,26.58,26.790001,26.57,26.780001,75000,17.816278
2011-02-01,26.67,26.780001,26.67,26.68,110400,17.74975
2011-01-31,26.700001,26.98,26.68,26.690001,61000,17.756403
2011-01-28,26.809999,26.809999,26.639999,26.66,120100,17.736444
2011-01-27,26.620001,26.76,26.60,26.719999,112300,17.77636
2011-01-26,26.530001,26.67,26.52,26.60,86700,17.696527
2011-01-25,26.57,26.68,26.57,26.629999,145100,17.716485
2011-01-24,26.610001,26.66,26.440001,26.530001,100200,17.649958
2011-01-21,26.809999,26.809999,26.59,26.700001,121300,17.763056
2011-01-20,26.84,26.90,26.74,26.74,402600,17.789666
2011-01-19,26.84,27.059999,26.77,26.879999,96800,17.882806
2011-01-18,26.68,26.780001,26.67,26.709999,62700,17.769707
2011-01-14,26.60,26.799999,26.60,26.66,164000,17.736444
2011-01-13,26.59,26.73,26.530001,26.690001,225700,17.756403
2011-01-12,26.50,26.549999,26.42,26.530001,336000,17.649958
2011-01-11,26.49,26.52,26.40,26.41,384700,17.570123
2011-01-10,26.469999,26.540001,26.450001,26.459999,229700,17.603387
2011-01-07,26.719999,26.74,26.35,26.540001,202600,17.65661
2011-01-06,26.59,26.65,26.540001,26.60,418800,17.696527
2011-01-05,26.60,26.66,26.530001,26.610001,211700,17.70318
2011-01-04,26.700001,26.879999,26.50,26.82,552900,17.842889
2011-01-03,26.799999,26.889999,26.700001,26.700001,156000,17.763056
2010-12-31,26.549999,26.83,26.450001,26.83,21300,17.849542
2010-12-30,26.41,26.549999,26.35,26.549999,82500,17.663262
2010-12-29,26.92,26.959999,26.85,26.870001,63100,17.538191
2010-12-28,26.83,26.99,26.799999,26.950001,51300,17.590407
2010-12-27,26.709999,26.99,26.700001,26.91,57200,17.564298
2010-12-23,26.610001,26.92,26.52,26.709999,90600,17.433757
2010-12-22,26.530001,26.559999,26.48,26.49,74400,17.290162
2010-12-21,26.51,26.709999,26.42,26.530001,113700,17.316271
2010-12-20,26.799999,26.92,26.59,26.59,82900,17.355433
2010-12-17,26.67,26.83,26.50,26.709999,115400,17.433757
2010-12-16,26.77,26.93,26.65,26.67,86000,17.407649
2010-12-15,26.82,26.90,26.40,26.77,225400,17.47292
2010-12-14,27.299999,27.370001,27.01,27.01,65600,17.629569
2010-12-13,27.32,27.35,27.280001,27.290001,43700,17.812327
2010-12-10,27.35,27.42,27.299999,27.309999,70400,17.82538
2010-12-09,27.549999,27.57,27.34,27.35,70500,17.851489
2010-12-08,27.620001,27.620001,27.440001,27.440001,51000,17.910232
2010-12-07,27.639999,27.67,27.51,27.540001,34900,17.975503
2010-12-06,27.799999,27.809999,27.60,27.60,93600,18.014665
2010-12-03,27.60,27.99,27.60,27.92,216500,18.223531
2010-12-02,27.700001,27.73,27.549999,27.700001,121900,18.079936
2010-12-01,27.60,27.780001,27.58,27.610001,61600,18.021192
2010-11-30,27.57,27.57,27.389999,27.469999,249100,17.929813
2010-11-29,27.549999,27.700001,27.440001,27.57,127000,17.995084
2010-11-26,27.68,27.709999,27.559999,27.57,120000,17.995084
2010-11-24,27.74,27.75,27.60,27.75,53400,18.112571
2010-11-23,27.559999,27.76,27.459999,27.610001,194500,18.021192
2010-11-22,27.700001,27.75,27.549999,27.57,133200,17.995084
2010-11-19,27.65,27.85,27.639999,27.77,551500,18.125625
2010-11-18,27.65,27.860001,27.60,27.799999,289300,18.145206
2010-11-17,27.57,27.66,27.50,27.549999,829900,17.982029
2010-11-16,27.41,27.57,27.32,27.52,290100,17.962449
2010-11-15,27.49,27.530001,27.360001,27.50,68700,17.949394
2010-11-12,27.49,27.540001,27.450001,27.540001,46200,17.975503
2010-11-11,27.50,27.67,27.450001,27.639999,178100,18.040773
2010-11-10,27.370001,27.50,27.370001,27.50,52700,17.949394
2010-11-09,27.530001,27.540001,27.43,27.469999,80900,17.929813
2010-11-08,27.51,27.549999,27.450001,27.52,133300,17.962449
2010-11-05,27.50,27.58,27.50,27.51,84900,17.955922
2010-11-04,27.50,27.559999,27.41,27.559999,131800,17.988556
2010-11-03,27.57,27.60,27.43,27.459999,70700,17.923286
2010-11-02,27.50,27.620001,27.459999,27.459999,78900,17.923286
2010-11-01,27.440001,27.50,27.43,27.469999,47400,17.929813
2010-10-29,27.41,27.459999,27.34,27.379999,68600,17.871069
2010-10-28,27.35,27.42,27.299999,27.34,319600,17.844962
2010-10-27,27.43,27.459999,27.299999,27.34,69100,17.844962
2010-10-26,27.35,27.49,27.34,27.43,78800,17.903705
2010-10-25,27.370001,27.440001,27.309999,27.34,92800,17.844962
2010-10-22,27.27,27.41,27.190001,27.27,95500,17.799273
2010-10-21,27.33,27.389999,27.15,27.290001,92300,17.812327
2010-10-20,27.23,27.299999,27.139999,27.23,70000,17.773164
2010-10-19,27.299999,27.32,27.110001,27.18,78000,17.740529
2010-10-18,27.190001,27.299999,27.09,27.25,70300,17.786218
2010-10-15,27.59,27.66,27.049999,27.049999,225200,17.655677
2010-10-14,27.629999,27.700001,27.549999,27.59,129600,18.008138
2010-10-13,27.860001,27.91,27.67,27.73,120800,18.099516
2010-10-12,27.809999,28.00,27.799999,27.860001,246100,18.184369
2010-10-11,27.790001,28.09,27.67,28.040001,388900,18.301856
2010-10-08,27.85,27.860001,27.67,27.790001,427900,18.13868
2010-10-07,27.74,27.90,27.610001,27.90,243400,18.210476
2010-10-06,27.76,27.76,27.50,27.65,311600,18.0473
2010-10-05,27.719999,27.790001,27.66,27.790001,720000,18.13868
2010-10-04,27.639999,27.77,27.57,27.74,156300,18.106044
2010-10-01,27.379999,27.60,27.299999,27.559999,327300,17.988556
2010-09-30,27.530001,27.59,27.23,27.41,160400,17.890651
2010-09-29,27.139999,27.549999,27.139999,27.52,295100,17.962449
2010-09-28,27.18,27.299999,27.110001,27.190001,130100,17.747056
2010-09-27,28.01,28.10,27.719999,27.719999,165200,17.761414
2010-09-24,28.00,28.049999,27.85,28.02,105900,17.953638
2010-09-23,27.799999,28.18,27.700001,27.99,299600,17.934415
2010-09-22,27.73,27.99,27.559999,27.76,434900,17.787045
2010-09-21,27.90,27.99,27.780001,27.82,143900,17.825489
2010-09-20,28.01,28.01,27.77,27.889999,195100,17.870341
2010-09-17,27.99,28.299999,27.700001,27.969999,504500,17.9216
2010-09-16,27.91,28.379999,27.879999,28.09,728100,17.99849
2010-09-15,27.90,28.10,27.799999,27.98,1031000,17.928008
2010-09-14,27.85,28.00,27.700001,27.969999,557500,17.9216
2010-09-13,27.860001,27.950001,27.709999,27.83,103500,17.831896
2010-09-10,27.58,27.98,27.469999,27.75,198000,17.780637
2010-09-09,27.40,27.85,27.370001,27.780001,207700,17.79986
2010-09-08,27.309999,27.379999,27.290001,27.379999,86700,17.543561
2010-09-07,27.309999,27.40,27.24,27.379999,81800,17.543561
2010-09-03,27.110001,27.33,27.049999,27.33,83700,17.511525
2010-09-02,27.059999,27.15,27.040001,27.139999,55700,17.389783
2010-09-01,27.00,27.15,27.00,27.129999,97000,17.383375
2010-08-31,26.959999,27.02,26.950001,26.98,101000,17.287264
2010-08-30,26.90,27.00,26.90,27.00,84500,17.300079
2010-08-27,26.879999,26.950001,26.879999,26.93,116300,17.255227
2010-08-26,26.860001,26.879999,26.74,26.84,83400,17.19756
2010-08-25,26.799999,26.879999,26.799999,26.879999,99000,17.223189
2010-08-24,26.870001,26.90,26.77,26.879999,193000,17.223189
2010-08-23,26.92,26.969999,26.74,26.879999,149800,17.223189
2010-08-20,26.950001,26.99,26.90,26.959999,118400,17.274449
2010-08-19,26.91,27.00,26.90,26.969999,150400,17.280856
2010-08-18,26.85,26.959999,26.799999,26.83,132000,17.191153
2010-08-17,26.84,26.85,26.709999,26.77,120900,17.152708
2010-08-16,26.93,26.99,26.370001,26.73,114800,17.127078
2010-08-13,26.91,26.940001,26.790001,26.940001,78400,17.261635
2010-08-12,26.76,26.889999,26.709999,26.889999,142000,17.229597
2010-08-11,26.700001,26.93,26.559999,26.860001,138500,17.210375
2010-08-10,26.77,26.860001,26.700001,26.84,124500,17.19756
2010-08-09,26.77,26.889999,26.690001,26.870001,90400,17.216783
2010-08-06,26.540001,26.719999,26.50,26.629999,60800,17.063003
2010-08-05,26.57,26.73,26.530001,26.540001,139400,17.005338
2010-08-04,26.43,26.60,26.40,26.549999,115600,17.011744
2010-08-03,26.209999,26.469999,26.209999,26.469999,83700,16.960485
2010-08-02,26.15,26.25,26.08,26.209999,109600,16.793891
2010-07-30,26.10,26.129999,25.91,25.969999,120200,16.640113
2010-07-29,26.10,26.15,26.01,26.049999,98100,16.691372
2010-07-28,25.950001,26.200001,25.950001,26.110001,148400,16.729818
2010-07-27,26.139999,26.15,25.92,25.940001,118100,16.620891
2010-07-26,25.85,26.08,25.85,26.01,342200,16.665743
2010-07-23,25.959999,26.00,25.90,26.00,178200,16.659335
2010-07-22,25.790001,25.90,25.780001,25.90,246300,16.595261
2010-07-21,25.82,25.83,25.700001,25.709999,258900,16.473519
2010-07-20,25.700001,25.83,25.700001,25.799999,128400,16.531186
2010-07-19,25.889999,25.889999,25.67,25.76,119600,16.505557
2010-07-16,25.98,25.98,25.65,25.790001,137600,16.52478
2010-07-15,25.85,26.00,25.809999,25.879999,85800,16.582446
2010-07-14,25.799999,25.879999,25.76,25.809999,133800,16.537594
2010-07-13,25.98,25.99,25.790001,25.790001,155200,16.52478
2010-07-12,25.84,26.00,25.84,25.870001,153100,16.576039
2010-07-09,25.73,25.950001,25.66,25.950001,231200,16.627299
2010-07-08,25.629999,25.790001,25.530001,25.65,132900,16.435075
2010-07-07,25.530001,25.60,25.50,25.51,99300,16.345371
2010-07-06,25.75,25.75,25.530001,25.530001,147600,16.358186
2010-07-02,25.49,25.809999,25.34,25.530001,415100,16.358186
2010-07-01,25.50,25.50,25.32,25.40,107700,16.274889
2010-06-30,25.41,25.50,25.35,25.40,872400,16.274889
2010-06-29,25.40,25.49,25.25,25.41,183300,16.281297
2010-06-28,25.469999,25.52,25.40,25.40,103400,16.274889
2010-06-25,26.00,26.00,25.90,25.92,180200,16.282579
2010-06-24,25.90,26.00,25.860001,26.00,95100,16.332834
2010-06-23,25.82,25.91,25.75,25.889999,140800,16.263733
2010-06-22,25.85,25.85,25.50,25.60,249400,16.08156
2010-06-21,25.799999,25.889999,25.74,25.75,139100,16.175788
2010-06-18,25.74,25.98,25.610001,25.790001,288300,16.200916
2010-06-17,25.91,26.00,25.74,25.799999,237500,16.207196
2010-06-16,26.459999,26.459999,25.83,26.02,651500,16.345398
2010-06-15,26.690001,26.700001,26.43,26.469999,99500,16.628081
2010-06-14,26.59,26.700001,26.440001,26.700001,53200,16.772565
2010-06-11,26.26,26.50,26.200001,26.50,48400,16.646927
2010-06-10,26.26,26.33,26.110001,26.200001,26000,16.458472
2010-06-09,26.15,26.18,26.07,26.18,50200,16.445908
2010-06-08,26.049999,26.209999,26.049999,26.16,80100,16.433344
2010-06-07,26.07,26.25,25.799999,25.93,58400,16.288861
2010-06-04,26.02,26.17,25.91,25.969999,55200,16.313988
2010-06-03,26.15,26.27,26.040001,26.040001,57900,16.357962
2010-06-02,26.23,26.469999,25.940001,25.969999,137900,16.313988
2010-06-01,25.959999,26.07,25.75,25.940001,50100,16.295143
2010-05-28,25.790001,26.139999,25.700001,26.040001,146700,16.357962
2010-05-27,25.59,25.790001,25.50,25.639999,99500,16.106687
2010-05-26,25.75,25.75,25.40,25.40,428800,15.955922
2010-05-25,25.50,25.65,25.25,25.540001,322800,16.043869
2010-05-24,25.610001,25.68,25.459999,25.65,95500,16.112969
2010-05-21,25.00,25.870001,24.68,25.32,271900,15.905668
2010-05-20,25.049999,25.40,25.00,25.00,537100,15.704648
2010-05-19,25.620001,25.780001,25.139999,25.25,406300,15.861695
2010-05-18,26.08,26.10,25.76,25.889999,108200,16.263733
2010-05-17,26.200001,26.370001,25.50,25.91,119300,16.276297
2010-05-14,26.35,26.440001,26.00,26.200001,151100,16.458472
2010-05-13,26.459999,26.50,26.27,26.35,44900,16.552699
2010-05-12,26.24,26.58,26.24,26.469999,100600,16.628081
2010-05-11,26.40,26.48,26.110001,26.110001,105700,16.401935
2010-05-10,26.200001,26.66,26.16,26.24,167500,16.483599
2010-05-07,25.700001,26.00,25.00,25.74,313900,16.169506
2010-05-06,26.15,26.15,24.32,24.940001,597900,15.666957
2010-05-05,26.450001,26.450001,26.049999,26.290001,355500,16.515009
2010-05-04,26.75,26.75,26.440001,26.52,287300,16.659491
2010-05-03,26.58,26.66,26.530001,26.639999,76400,16.734873
2010-04-30,26.68,26.68,26.530001,26.60,76500,16.709746
2010-04-29,26.57,26.719999,26.57,26.629999,41300,16.728591
2010-04-28,26.620001,26.67,26.52,26.57,63800,16.6909
2010-04-27,26.68,26.700001,26.549999,26.620001,99100,16.72231
2010-04-26,26.93,26.99,26.719999,26.73,100700,16.79141
2010-04-23,26.91,27.00,26.799999,26.84,75300,16.86051
2010-04-22,26.93,27.040001,26.870001,26.940001,151000,16.923329
2010-04-21,26.950001,26.950001,26.809999,26.870001,54200,16.879356
2010-04-20,26.780001,26.92,26.77,26.790001,89300,16.829102
2010-04-19,26.790001,26.93,26.77,26.77,55900,16.816538
2010-04-16,26.889999,26.950001,26.77,26.780001,114600,16.82282
2010-04-15,26.83,26.83,26.629999,26.77,86200,16.816538
2010-04-14,26.92,26.969999,26.67,26.700001,92500,16.772565
2010-04-13,26.99,27.01,26.549999,26.77,141600,16.816538
2010-04-12,27.07,27.110001,26.879999,26.99,105500,16.954738
2010-04-09,26.99,27.24,26.870001,27.209999,145500,17.092939
2010-04-08,26.549999,26.99,26.549999,26.870001,225900,16.879356
2010-04-07,26.83,26.83,26.700001,26.700001,149100,16.772565
2010-04-06,26.799999,26.799999,26.700001,26.719999,59200,16.785128
2010-04-05,26.799999,26.85,26.690001,26.75,74300,16.803974
2010-04-01,26.74,26.92,26.719999,26.92,57000,16.910765
2010-03-31,26.82,26.82,26.73,26.75,82800,16.803974
2010-03-30,26.799999,26.82,26.719999,26.74,142000,16.797692
2010-03-29,26.629999,26.85,26.629999,26.799999,267300,16.835382
2010-03-26,27.02,27.08,26.85,26.870001,105000,16.560237
2010-03-25,26.91,27.290001,26.91,27.15,92800,16.732803
2010-03-24,26.90,26.950001,26.85,26.940001,80900,16.603379
2010-03-23,26.780001,26.90,26.780001,26.860001,177200,16.554074
2010-03-22,26.950001,26.98,26.82,26.969999,108300,16.621867
2010-03-19,26.969999,27.15,26.879999,26.969999,91800,16.621867
2010-03-18,26.98,27.00,26.879999,27.00,85600,16.640357
2010-03-17,26.870001,27.00,26.85,26.969999,120100,16.621867
2010-03-16,26.84,26.92,26.709999,26.870001,144900,16.560237
2010-03-15,26.959999,26.959999,26.76,26.780001,87700,16.504769
2010-03-12,26.76,26.98,26.76,26.91,104500,16.584889
2010-03-11,26.950001,26.950001,26.60,26.68,245600,16.443138
2010-03-10,26.940001,27.049999,26.90,26.950001,117900,16.609542
2010-03-09,26.99,27.00,26.940001,26.959999,82300,16.615704
2010-03-08,26.879999,27.00,26.799999,27.00,109900,16.640357
2010-03-05,26.76,26.90,26.76,26.90,81500,16.578726
2010-03-04,26.879999,26.93,26.74,26.76,91700,16.492443
2010-03-03,26.700001,26.99,26.68,26.98,164400,16.628031
2010-03-02,26.65,26.700001,26.620001,26.700001,125400,16.455465
2010-03-01,26.60,26.700001,26.59,26.700001,85100,16.455465
2010-02-26,26.719999,26.719999,26.57,26.700001,62100,16.455465
2010-02-25,26.59,26.68,26.389999,26.67,75800,16.436975
2010-02-24,26.42,26.66,26.35,26.65,179200,16.424649
2010-02-23,26.42,26.459999,26.25,26.26,99300,16.184288
2010-02-22,26.530001,26.59,26.42,26.42,99900,16.282898
2010-02-19,26.58,26.67,26.50,26.59,80400,16.38767
2010-02-18,26.610001,26.68,26.60,26.68,86500,16.443138
2010-02-17,26.57,26.66,26.49,26.66,108200,16.430812
2010-02-16,26.379999,26.59,26.33,26.59,79900,16.38767
2010-02-12,26.24,26.309999,26.16,26.27,106000,16.190451
2010-02-11,26.35,26.35,26.25,26.27,127300,16.190451
2010-02-10,26.33,26.389999,26.219999,26.360001,72700,16.245919
2010-02-09,26.16,26.389999,25.860001,26.370001,122300,16.252083
2010-02-08,26.299999,26.299999,26.10,26.219999,73100,16.159635
2010-02-05,26.440001,26.440001,26.07,26.23,201800,16.165799
2010-02-04,26.40,26.440001,26.35,26.360001,116700,16.245919
2010-02-03,26.49,26.50,26.41,26.41,153200,16.276734
2010-02-02,26.540001,26.57,26.370001,26.440001,141200,16.295224
2010-02-01,26.389999,26.440001,26.34,26.360001,115600,16.245919
2010-01-29,26.440001,26.49,26.33,26.35,197400,16.239756
2010-01-28,26.35,26.58,26.34,26.370001,173400,16.252083
2010-01-27,26.52,26.530001,26.370001,26.49,79800,16.326039
2010-01-26,26.40,26.49,26.40,26.49,91500,16.326039
2010-01-25,26.40,26.52,26.34,26.389999,80200,16.264408
2010-01-22,26.43,26.50,26.32,26.379999,87600,16.258245
2010-01-21,26.49,26.549999,26.40,26.469999,98900,16.313713
2010-01-20,26.27,26.549999,26.26,26.42,87600,16.282898
2010-01-19,26.450001,26.450001,26.25,26.290001,220700,16.202778
2010-01-15,26.389999,26.40,26.27,26.35,91100,16.239756
2010-01-14,26.40,26.42,26.299999,26.42,111900,16.282898
2010-01-13,26.41,26.43,26.33,26.360001,170300,16.245919
2010-01-12,26.40,26.450001,26.35,26.41,123000,16.276734
2010-01-11,26.40,26.450001,26.33,26.450001,182400,16.301387
2010-01-08,26.41,26.469999,26.299999,26.370001,117400,16.252083
2010-01-07,26.35,26.50,26.35,26.450001,112400,16.301387
2010-01-06,26.219999,26.50,26.200001,26.48,126600,16.319876
2010-01-05,26.280001,26.43,26.200001,26.24,167300,16.171962
2010-01-04,26.129999,26.290001,26.10,26.25,72500,16.178125
2009-12-31,26.049999,26.16,26.030001,26.10,38400,16.085679
2009-12-30,26.00,26.219999,25.99,26.17,77300,16.12882
2009-12-29,26.01,26.08,25.67,25.99,118800,16.017884
2009-12-28,26.370001,26.469999,26.26,26.40,107900,15.957486
2009-12-24,26.450001,26.549999,26.43,26.469999,28000,15.999797
2009-12-23,26.49,26.549999,26.379999,26.549999,77200,16.048153
2009-12-22,26.299999,26.450001,26.299999,26.360001,62900,15.933308
2009-12-21,26.290001,26.40,26.27,26.40,72800,15.957486
2009-12-18,26.18,26.35,26.15,26.209999,107100,15.84264
2009-12-17,26.049999,26.24,26.01,26.18,104400,15.824507
2009-12-16,26.309999,26.41,26.15,26.17,157700,15.818462
2009-12-15,26.360001,26.389999,26.00,26.35,60500,15.927264
2009-12-14,26.299999,26.469999,26.299999,26.450001,107200,15.987709
2009-12-11,26.16,26.370001,26.15,26.200001,143600,15.836596
2009-12-10,26.10,26.34,26.10,26.34,105300,15.921219
2009-12-09,26.24,26.25,26.10,26.200001,97300,15.836596
2009-12-08,26.309999,26.33,26.18,26.25,37300,15.866818
2009-12-07,26.32,26.40,26.190001,26.40,64800,15.957486
2009-12-04,26.129999,26.35,26.129999,26.27,104000,15.878908
2009-12-03,26.18,26.27,26.00,26.129999,111300,15.794284
2009-12-02,26.129999,26.129999,25.959999,26.02,207100,15.727795
2009-12-01,25.85,26.24,25.799999,26.24,203300,15.860774
2009-11-30,25.90,26.07,25.50,25.51,205400,15.419525
2009-11-27,25.51,26.049999,25.51,25.940001,221700,15.679439
2009-11-25,26.200001,26.40,26.15,26.309999,177200,15.903085
2009-11-24,26.01,26.24,26.00,26.24,94100,15.860774
2009-11-23,26.09,26.139999,26.00,26.09,222000,15.770106
2009-11-20,26.10,26.10,26.00,26.08,98700,15.764062
2009-11-19,26.00,26.15,25.950001,26.10,289800,15.776151
2009-11-18,26.200001,26.25,26.049999,26.23,247200,15.854729
2009-11-17,26.200001,26.24,26.059999,26.200001,91400,15.836596
2009-11-16,26.23,26.309999,26.200001,26.280001,161200,15.884952
2009-11-13,26.18,26.25,26.09,26.25,115800,15.866818
2009-11-12,26.10,26.120001,26.00,26.10,87600,15.776151
2009-11-11,25.780001,26.200001,25.73,26.10,119000,15.776151
2009-11-10,25.700001,25.85,25.65,25.790001,74900,15.588772
2009-11-09,25.700001,25.83,25.52,25.709999,112500,15.540415
2009-11-06,25.41,25.780001,25.299999,25.73,183400,15.552504
2009-11-05,25.18,25.49,25.17,25.450001,70800,15.383259
2009-11-04,24.98,25.40,24.969999,25.25,180600,15.262368
2009-11-03,25.200001,25.200001,24.90,24.959999,325700,15.087077
2009-11-02,25.25,25.34,25.049999,25.24,98000,15.256324
2009-10-30,25.379999,25.549999,25.00,25.00,285900,15.111256
2009-10-29,25.370001,25.370001,24.370001,25.23,1019100,15.250279
2009-10-28,25.60,25.60,25.129999,25.219999,177300,15.244234
2009-10-27,25.629999,25.74,25.389999,25.540001,232300,15.437659
2009-10-26,25.889999,25.889999,25.00,25.780001,490500,15.582727
2009-10-23,26.00,26.059999,25.950001,26.059999,128100,15.751973
2009-10-22,26.00,26.120001,25.98,26.030001,129200,15.73384
2009-10-21,26.01,26.110001,25.959999,26.01,244500,15.721751
2009-10-20,26.030001,26.08,25.98,26.00,227000,15.715706
2009-10-19,25.99,26.030001,25.90,25.959999,90600,15.691527
2009-10-16,25.91,25.959999,25.84,25.92,130500,15.66735
2009-10-15,25.959999,26.00,25.799999,25.940001,283300,15.679439
2009-10-14,25.91,26.049999,25.860001,25.93,309400,15.673395
2009-10-13,25.950001,26.049999,25.83,25.92,275900,15.66735
2009-10-12,26.530001,26.530001,26.16,26.219999,47700,15.848685
2009-10-09,26.00,26.459999,25.99,26.35,165700,15.927264
2009-10-08,26.15,26.15,25.870001,26.00,126500,15.715706
2009-10-07,25.99,25.99,25.870001,25.889999,91600,15.649216
2009-10-06,25.91,26.15,25.85,25.879999,234900,15.643171
2009-10-05,25.67,26.389999,25.66,25.940001,326900,15.679439
2009-10-02,25.700001,25.809999,25.65,25.77,162300,15.576683
2009-10-01,25.82,26.00,25.76,25.84,102400,15.618994
2009-09-30,26.00,26.00,25.77,25.84,139500,15.618994
2009-09-29,25.76,26.07,25.76,25.90,201100,15.655261
2009-09-28,26.209999,26.34,25.530001,25.76,331200,15.570638
2009-09-25,27.07,27.07,26.530001,26.90,606800,15.95265
2009-09-24,26.629999,27.139999,26.629999,26.90,608600,15.95265
2009-09-23,26.610001,26.709999,26.52,26.629999,123800,15.792531
2009-09-22,26.60,26.75,26.450001,26.700001,128300,15.834044
2009-09-21,26.629999,26.629999,26.299999,26.50,163500,15.715437
2009-09-18,26.200001,26.90,26.120001,26.85,209100,15.922999
2009-09-17,27.00,27.00,26.23,26.40,234100,15.656133
2009-09-16,26.60,26.940001,26.60,26.75,316600,15.863695
2009-09-15,26.18,26.639999,26.18,26.559999,383900,15.751018
2009-09-14,25.90,26.35,25.90,26.18,258700,15.525665
2009-09-11,25.799999,25.959999,25.719999,25.93,154100,15.377407
2009-09-10,25.66,25.85,25.58,25.84,129200,15.324033
2009-09-09,25.450001,25.75,25.40,25.719999,168000,15.252869
2009-09-08,25.469999,25.48,25.299999,25.440001,249700,15.086819
2009-09-04,25.41,25.41,25.219999,25.389999,97200,15.057167
2009-09-03,25.120001,25.35,25.059999,25.35,200800,15.033446
2009-09-02,25.030001,25.17,25.030001,25.049999,130800,14.855535
2009-09-01,25.25,25.25,25.049999,25.07,131000,14.867396
2009-08-31,25.09,25.299999,25.049999,25.280001,74800,14.991934
2009-08-28,25.10,25.190001,25.049999,25.07,119000,14.867396
2009-08-27,25.200001,25.200001,25.00,25.08,177900,14.873326
2009-08-26,25.25,25.290001,25.129999,25.139999,191500,14.908908
2009-08-25,25.49,25.49,25.25,25.25,134600,14.974142
2009-08-24,25.299999,25.50,25.280001,25.469999,131400,15.10461
2009-08-21,25.24,25.49,25.24,25.24,148300,14.968212
2009-08-20,25.25,25.32,25.18,25.24,141000,14.968212
2009-08-19,25.24,25.280001,25.110001,25.18,178300,14.93263
2009-08-18,25.139999,25.299999,25.139999,25.15,162000,14.914839
2009-08-17,25.129999,25.209999,25.049999,25.09,125900,14.879257
2009-08-14,25.120001,25.59,25.01,25.469999,125600,15.10461
2009-08-13,25.450001,25.75,25.200001,25.219999,214300,14.956351
2009-08-12,25.440001,25.85,25.280001,25.42,196900,15.074958
2009-08-11,25.52,25.77,25.049999,25.59,357300,15.175774
2009-08-10,25.65,25.85,25.51,25.700001,212800,15.241009
2009-08-07,25.50,25.690001,25.34,25.58,311600,15.169844
2009-08-06,25.120001,25.65,25.049999,25.65,204000,15.211356
2009-08-05,25.15,25.200001,24.93,24.93,161900,14.784371
2009-08-04,25.030001,25.25,25.01,25.120001,167500,14.897048
2009-08-03,25.00,25.10,24.940001,25.09,322300,14.879257
2009-07-31,24.75,25.00,24.75,24.969999,155500,14.808092
2009-07-30,24.82,24.879999,24.549999,24.66,260900,14.624251
2009-07-29,24.639999,24.84,24.549999,24.809999,203600,14.713206
2009-07-28,24.58,24.639999,24.50,24.639999,214100,14.61239
2009-07-27,24.690001,24.690001,24.42,24.60,144700,14.58867
2009-07-24,24.57,24.639999,24.48,24.60,172500,14.58867
2009-07-23,24.450001,24.60,24.40,24.60,289400,14.58867
2009-07-22,24.459999,24.459999,23.77,24.440001,172200,14.493784
2009-07-21,24.360001,24.50,24.25,24.50,202800,14.529366
2009-07-20,24.17,24.379999,24.17,24.209999,126200,14.357385
2009-07-17,24.280001,24.299999,24.10,24.200001,101600,14.351456
2009-07-16,24.18,24.209999,24.02,24.08,157100,14.280291
2009-07-15,24.08,24.200001,23.950001,24.049999,450300,14.262499
2009-07-14,23.959999,23.99,23.870001,23.93,108300,14.191336
2009-07-13,23.99,24.00,23.85,23.91,172000,14.179475
2009-07-10,23.889999,23.959999,23.85,23.940001,70600,14.197266
2009-07-09,23.950001,24.00,23.84,23.92,122500,14.185405
2009-07-08,23.83,23.959999,23.75,23.879999,115800,14.161683
2009-07-07,23.969999,24.10,23.73,23.85,835900,14.143893
2009-07-06,24.00,24.00,23.83,24.00,188600,14.232848
2009-07-02,24.040001,24.200001,24.040001,24.200001,93400,14.351456
2009-07-01,23.950001,24.200001,23.93,24.200001,180200,14.351456
2009-06-30,23.67,23.790001,23.65,23.790001,115400,14.108311
2009-06-29,23.799999,23.889999,23.60,23.620001,122700,14.007495
2009-06-26,23.99,24.00,23.66,23.889999,156500,14.167614
2009-06-25,24.35,24.459999,24.26,24.40,157800,14.1688
2009-06-24,24.34,24.389999,24.219999,24.34,81800,14.133959
2009-06-23,24.120001,24.299999,24.120001,24.209999,103800,14.058469
2009-06-22,24.200001,24.389999,24.08,24.209999,142600,14.058469
2009-06-19,24.24,24.299999,24.200001,24.299999,282200,14.110731
2009-06-18,24.200001,24.280001,24.120001,24.27,128900,14.093311
2009-06-17,24.200001,24.299999,23.90,24.299999,237500,14.110731
2009-06-16,24.280001,24.35,24.200001,24.299999,147700,14.110731
2009-06-15,24.040001,24.299999,24.02,24.299999,167800,14.110731
2009-06-12,23.969999,24.370001,23.950001,24.209999,290000,14.058469
2009-06-11,23.950001,24.00,23.889999,23.889999,166900,13.872649
2009-06-10,24.02,24.02,23.799999,23.879999,119800,13.866842
2009-06-09,23.709999,24.00,23.59,24.00,120200,13.936525
2009-06-08,23.889999,23.90,23.66,23.74,139100,13.785546
2009-06-05,24.35,24.40,23.90,23.90,148000,13.878456
2009-06-04,24.219999,24.35,23.92,24.35,150800,14.139766
2009-06-03,23.90,24.16,23.799999,24.16,116300,14.029435
2009-06-02,23.74,24.00,23.51,24.00,292700,13.936525
2009-06-01,23.969999,23.969999,23.549999,23.559999,299900,13.681022
2009-05-29,23.99,23.99,23.700001,23.83,174400,13.837808
2009-05-28,23.50,23.879999,23.50,23.799999,92700,13.820387
2009-05-27,23.940001,23.940001,23.51,23.799999,313000,13.820387
2009-05-26,23.309999,23.75,23.23,23.540001,379700,13.669409
2009-05-22,23.50,23.870001,23.309999,23.76,125700,13.79716
2009-05-21,23.200001,23.50,22.959999,23.50,200600,13.646181
2009-05-20,23.200001,23.50,22.940001,23.50,121100,13.646181
2009-05-19,23.00,23.440001,23.00,23.209999,196300,13.47778
2009-05-18,22.82,22.85,22.620001,22.84,139100,13.262926
2009-05-15,22.51,22.75,22.40,22.469999,131400,13.048071
2009-05-14,22.459999,22.59,22.290001,22.440001,123900,13.030651
2009-05-13,22.09,22.50,22.09,22.299999,141400,12.949354
2009-05-12,22.75,22.879999,22.57,22.65,160500,13.152595
2009-05-11,22.360001,22.870001,22.360001,22.799999,223100,13.239698
2009-05-08,22.83,23.790001,22.76,23.139999,331100,13.437132
2009-05-07,22.42,22.85,22.299999,22.42,184900,13.019037
2009-05-06,22.120001,22.35,22.030001,22.35,147300,12.978389
2009-05-05,22.16,22.299999,22.00,22.00,192100,12.775148
2009-05-04,22.049999,22.280001,22.01,22.030001,184300,12.792569
2009-05-01,21.549999,21.950001,21.50,21.85,74000,12.688045
2009-04-30,21.76,21.799999,21.60,21.73,165100,12.618362
2009-04-29,21.690001,21.690001,21.26,21.629999,140700,12.560293
2009-04-28,21.129999,21.50,21.129999,21.26,98000,12.345438
2009-04-27,21.209999,21.51,21.15,21.50,69900,12.484804
2009-04-24,21.34,21.51,21.10,21.40,148000,12.426734
2009-04-23,21.02,21.25,21.00,21.00,53400,12.194459
2009-04-22,20.889999,21.67,20.799999,21.02,138300,12.206073
2009-04-21,21.15,21.209999,20.299999,20.889999,212700,12.130583
2009-04-20,21.73,21.799999,21.309999,21.799999,215100,12.65901
2009-04-17,21.950001,22.059999,21.77,22.040001,203700,12.798376
2009-04-16,21.969999,22.139999,21.74,21.780001,204300,12.647397
2009-04-15,21.82,21.950001,21.50,21.85,140700,12.688045
2009-04-14,21.969999,22.00,21.67,21.780001,116400,12.647397
2009-04-13,21.780001,22.00,21.40,21.91,172600,12.722886
2009-04-09,22.00,22.00,21.530001,21.690001,142800,12.595135
2009-04-08,21.18,21.52,21.01,21.200001,134000,12.310597
2009-04-07,20.90,21.549999,20.67,21.370001,275600,12.409315
2009-04-06,20.50,21.969999,20.469999,21.879999,364200,12.705465
2009-04-03,20.33,20.879999,20.27,20.879999,199900,12.124776
2009-04-02,20.299999,20.559999,20.15,20.27,178000,11.770557
2009-04-01,19.83,20.10,19.610001,20.09,99000,11.666033
2009-03-31,19.99,20.23,19.809999,20.01,114200,11.619578
2009-03-30,19.98,19.98,19.01,19.620001,250100,11.39311
2009-03-27,20.10,20.43,19.860001,19.98,447400,11.602157
2009-03-26,20.00,20.200001,19.67,20.200001,161800,11.434919
2009-03-25,19.74,20.459999,19.610001,20.049999,399300,11.350006
2009-03-24,19.450001,20.00,19.379999,19.74,177500,11.17452
2009-03-23,20.43,20.43,19.16,19.50,276800,11.038659
2009-03-20,19.290001,19.43,19.02,19.15,207800,10.840529
2009-03-19,19.16,19.50,18.719999,19.030001,204900,10.7726
2009-03-18,18.23,19.33,18.23,19.09,115900,10.806565
2009-03-17,18.52,18.68,18.00,18.200001,156400,10.302749
2009-03-16,18.42,19.00,18.059999,18.389999,203000,10.410305
2009-03-13,17.299999,18.200001,17.00,18.00,313500,10.189532
2009-03-12,15.21,17.00,15.21,17.00,263500,9.623447
2009-03-11,14.95,15.63,14.61,15.15,355400,8.576189
2009-03-10,14.00,15.30,14.00,15.28,327300,8.64978
2009-03-09,14.25,14.31,13.07,13.35,514400,7.557236
2009-03-06,14.60,15.42,14.35,14.71,368800,8.327112
2009-03-05,15.00,15.21,14.25,14.25,778200,8.066713
2009-03-04,15.60,15.81,15.10,15.10,238700,8.547885
2009-03-03,15.01,15.46,14.80,15.03,414700,8.508259
2009-03-02,16.049999,16.48,14.01,14.74,678500,8.344094
2009-02-27,18.50,19.27,16.620001,16.75,303700,9.481925
2009-02-26,19.00,19.50,18.50,18.67,277500,10.568809
2009-02-25,18.200001,18.41,17.43,17.90,322900,10.132923
2009-02-24,16.209999,18.309999,16.00,17.82,436500,10.087636
2009-02-23,19.809999,19.969999,16.440001,16.549999,339500,9.368708
2009-02-20,18.50,19.49,16.25,19.48,374200,11.027337
2009-02-19,20.35,20.370001,18.549999,18.719999,607200,10.597113
2009-02-18,21.00,21.02,20.049999,20.049999,324600,11.350006
2009-02-17,22.00,22.85,21.00,21.00,329900,11.887787
2009-02-13,23.200001,23.200001,22.85,22.85,104400,12.935045
2009-02-12,22.639999,23.200001,22.219999,23.059999,900000,13.053922
2009-02-11,21.65,23.00,21.65,22.76,571900,12.884097
2009-02-10,22.10,22.10,21.50,21.65,93200,12.255742
2009-02-09,21.559999,22.00,21.50,22.00,118000,12.453872
2009-02-06,21.01,21.90,21.01,21.50,96900,12.17083
2009-02-05,20.25,21.35,20.02,21.059999,197800,11.921752
2009-02-04,20.530001,21.49,20.299999,20.549999,104700,11.633048
2009-02-03,21.07,21.49,20.33,20.59,168200,11.655692
2009-02-02,21.83,21.83,21.00,21.190001,80200,11.995344
2009-01-30,21.360001,21.90,21.059999,21.90,103600,12.397263
2009-01-29,22.00,22.00,21.01,21.35,108900,12.085917
2009-01-28,21.75,22.370001,21.379999,22.049999,228400,12.482176
2009-01-27,21.49,21.75,20.74,21.35,94400,12.085917
2009-01-26,20.620001,21.74,20.209999,21.299999,141700,12.057612
2009-01-23,20.00,21.48,19.90,20.459999,176500,11.582101
2009-01-22,20.25,20.49,20.00,20.190001,296400,11.429258
2009-01-21,20.51,21.16,19.700001,20.700001,422400,11.717962
2009-01-20,21.00,22.00,20.00,21.75,601000,12.312351
2009-01-16,23.60,24.50,22.10,22.10,283000,12.510481
2009-01-15,23.50,23.52,21.58,22.90,486300,12.963349
2009-01-14,23.90,23.90,23.23,23.75,635000,13.444521
2009-01-13,24.559999,24.57,24.24,24.26,387500,13.733225
2009-01-12,24.60,24.67,24.389999,24.639999,187300,13.948337
2009-01-09,24.66,24.700001,24.200001,24.66,335500,13.959658
2009-01-08,24.370001,24.799999,24.299999,24.700001,317400,13.982302
2009-01-07,24.60,24.75,24.25,24.75,324200,14.010606
2009-01-06,24.40,24.75,24.280001,24.559999,175800,13.90305
2009-01-05,23.790001,24.50,23.790001,24.370001,215800,13.795494
2009-01-02,24.25,24.379999,23.99,24.26,149300,13.733225
2008-12-31,23.75,24.299999,23.75,24.299999,126500,13.755868
2008-12-30,23.50,23.969999,23.450001,23.889999,153900,13.523773
2008-12-29,23.360001,23.459999,23.07,23.440001,174800,13.269035
2008-12-26,23.10,23.700001,23.040001,23.700001,115800,13.128645
2008-12-24,22.709999,23.200001,22.709999,23.10,114500,12.796274
2008-12-23,23.01,23.41,22.51,23.040001,644800,12.763038
2008-12-22,23.200001,23.35,22.65,23.17,320100,12.835051
2008-12-19,23.73,23.73,23.120001,23.25,327600,12.879367
2008-12-18,23.700001,23.98,23.700001,23.98,173200,13.283751
2008-12-17,23.66,23.959999,23.389999,23.90,157600,13.239435
2008-12-16,23.860001,23.969999,23.25,23.950001,142600,13.267133
2008-12-15,23.67,23.92,23.209999,23.48,267500,13.006775
2008-12-12,23.50,23.83,23.00,23.65,263600,13.100947
2008-12-11,24.00,24.02,23.209999,23.799999,241500,13.18404
2008-12-10,23.65,24.00,23.65,23.950001,432700,13.267133
2008-12-09,23.16,23.700001,23.10,23.700001,235500,13.128645
2008-12-08,22.50,23.32,22.41,23.32,268000,12.918143
2008-12-05,22.24,22.49,21.85,22.49,230100,12.458364
2008-12-04,22.190001,22.549999,21.799999,22.549999,139400,12.491601
2008-12-03,21.98,22.93,21.60,22.93,351700,12.702103
2008-12-02,21.73,23.00,21.23,23.00,281900,12.740879
2008-12-01,22.190001,22.190001,20.90,21.85,426000,12.103835
2008-11-28,21.65,22.290001,21.58,22.290001,79000,12.347574
2008-11-26,20.40,21.389999,20.40,21.00,192800,11.632977
2008-11-25,20.48,21.190001,20.41,20.50,314800,11.356001
2008-11-24,24.00,24.00,19.790001,20.299999,249300,11.24521
2008-11-21,20.75,21.049999,19.67,19.83,422900,10.984854
2008-11-20,22.00,22.52,19.76,20.35,1161300,11.272908
2008-11-19,22.68,22.969999,22.15,22.15,548200,12.27002
2008-11-18,22.92,23.07,22.65,22.879999,180300,12.674404
2008-11-17,22.85,23.00,22.33,23.00,191700,12.740879
2008-11-14,22.549999,22.959999,22.299999,22.959999,131700,12.718721
2008-11-13,22.66,22.67,21.940001,22.58,321000,12.508219
2008-11-12,22.90,22.90,22.52,22.67,218900,12.558075
2008-11-11,23.08,23.16,22.620001,22.74,165300,12.596852
2008-11-10,23.450001,23.48,23.18,23.24,110700,12.873827
2008-11-07,23.10,23.40,23.10,23.190001,356200,12.84613
2008-11-06,23.40,23.40,22.73,23.07,170300,12.779655
2008-11-05,24.00,24.00,23.190001,23.35,121300,12.934762
2008-11-04,23.09,23.51,23.00,23.51,341800,13.023394
2008-11-03,22.870001,23.10,22.719999,23.00,412200,12.740879
2008-10-31,20.870001,23.00,20.620001,23.00,187400,12.740879
2008-10-30,22.99,22.99,22.50,22.52,271500,12.474983
2008-10-29,21.02,22.50,21.02,22.450001,155900,12.436206
2008-10-28,20.620001,21.00,20.00,21.00,328800,11.632977
2008-10-27,20.790001,20.879999,20.00,20.15,303900,11.162118
2008-10-24,22.10,22.299999,20.85,21.25,669600,11.771464
2008-10-23,22.85,23.00,22.549999,22.99,401500,12.735339
2008-10-22,23.07,23.07,22.75,22.77,241400,12.613471
2008-10-21,23.40,23.450001,22.879999,23.290001,472700,12.901525
2008-10-20,23.049999,23.50,22.83,23.450001,175000,12.990158
2008-10-17,22.35,22.98,22.17,22.90,318500,12.685484
2008-10-16,23.49,23.50,21.959999,22.74,262600,12.596852
2008-10-15,22.99,23.389999,22.42,23.389999,472100,12.95692
2008-10-14,23.540001,23.540001,22.10,23.10,320500,12.796274
2008-10-13,21.32,22.99,21.00,22.00,255000,12.186928
2008-10-10,19.15,20.48,18.41,20.01,376800,11.084565
2008-10-09,22.25,22.40,20.00,20.50,315300,11.356001
2008-10-08,21.02,23.450001,21.01,21.950001,404900,12.159231
2008-10-07,23.700001,23.99,23.01,23.799999,320500,13.18404
2008-10-06,22.40,23.99,22.40,23.450001,279900,12.990158
2008-10-03,24.049999,24.90,23.91,24.41,430900,13.52195
2008-10-02,23.75,24.08,23.50,23.780001,178000,13.172961
2008-10-01,23.200001,23.950001,22.50,23.75,217200,13.156343
2008-09-30,24.530001,24.530001,22.059999,22.059999,317600,12.220165
2008-09-29,24.620001,24.700001,21.940001,23.08,468800,12.785195
2008-09-26,24.450001,25.00,24.129999,25.00,328100,13.567375
2008-09-25,24.98,25.139999,24.780001,25.120001,331400,13.632499
2008-09-24,24.73,24.90,24.450001,24.90,242400,13.513105
2008-09-23,24.60,24.82,24.299999,24.700001,227000,13.404567
2008-09-22,25.00,25.00,24.57,24.700001,312600,13.404567
2008-09-19,25.00,25.00,24.299999,24.82,639700,13.469689
2008-09-18,22.90,23.90,20.68,23.51,662700,12.758759
2008-09-17,24.50,24.50,21.82,23.26,680200,12.623085
2008-09-16,24.030001,24.66,22.68,23.799999,807900,12.91614
2008-09-15,25.200001,25.459999,24.799999,24.99,720500,13.561948
2008-09-12,25.60,25.719999,25.50,25.60,412300,13.892992
2008-09-11,25.40,25.75,25.299999,25.57,332100,13.876711
2008-09-10,25.780001,25.950001,25.60,25.76,394600,13.979823
2008-09-09,26.00,26.00,25.299999,25.799999,259100,14.00153
2008-09-08,26.049999,26.190001,25.799999,25.90,171900,14.0558
2008-09-05,26.02,26.18,25.969999,26.00,131000,14.11007
2008-09-04,26.049999,26.09,25.90,26.059999,126200,14.142631
2008-09-03,26.25,26.25,26.00,26.059999,264700,14.142631
2008-09-02,26.299999,27.32,26.23,27.32,394200,14.826427
2008-08-29,26.15,26.32,26.08,26.32,105700,14.283732
2008-08-28,26.110001,26.219999,25.950001,26.219999,581100,14.229462
2008-08-27,25.969999,26.139999,25.870001,25.93,233200,14.072081
2008-08-26,25.639999,26.02,25.639999,26.02,134800,14.120924
2008-08-25,25.940001,25.98,25.83,25.84,100500,14.023239
2008-08-22,25.92,25.959999,25.700001,25.790001,93800,13.996104
2008-08-21,25.799999,25.950001,25.58,25.82,134500,14.012384
2008-08-20,25.879999,25.99,25.60,25.60,108000,13.892992
2008-08-19,25.209999,25.950001,25.209999,25.91,287100,14.061227
2008-08-18,25.639999,25.950001,25.540001,25.82,148700,14.012384
2008-08-15,25.50,25.65,25.35,25.60,95700,13.892992
2008-08-14,25.65,25.65,25.120001,25.23,201300,13.692194
2008-08-13,25.959999,25.959999,25.10,25.42,369500,13.795307
2008-08-12,25.959999,26.02,25.860001,26.02,126300,14.120924
2008-08-11,26.15,26.200001,25.809999,26.040001,211600,14.131778
2008-08-08,26.10,26.25,26.059999,26.25,140000,14.245743
2008-08-07,25.969999,26.389999,25.90,26.370001,249000,14.310867
2008-08-06,26.10,26.10,25.84,25.98,243300,14.099215
2008-08-05,25.98,25.99,25.91,25.969999,119900,14.093788
2008-08-04,25.85,26.00,25.83,25.99,241200,14.104643
2008-08-01,25.700001,25.870001,25.700001,25.870001,144700,14.03952
2008-07-31,25.92,25.92,25.67,25.67,175800,13.93098
2008-07-30,25.709999,25.799999,25.65,25.66,248400,13.925553
2008-07-29,25.790001,25.790001,25.65,25.690001,179500,13.941834
2008-07-28,25.700001,25.799999,25.299999,25.790001,125500,13.996104
2008-07-25,25.74,25.77,25.57,25.65,178600,13.920126
2008-07-24,25.780001,25.780001,25.58,25.620001,207300,13.903846
2008-07-23,25.50,25.74,25.32,25.74,330400,13.968969
2008-07-22,25.50,25.879999,25.379999,25.50,444900,13.838722
2008-07-21,25.559999,25.950001,25.389999,25.709999,289100,13.952688
2008-07-18,25.120001,25.50,25.00,25.08,346900,13.61079
2008-07-17,25.25,25.50,24.950001,25.190001,395900,13.670487
2008-07-16,22.540001,25.200001,22.540001,24.99,641400,13.561948
2008-07-15,24.24,25.049999,20.530001,24.299999,704300,13.187488
2008-07-14,25.700001,25.700001,25.00,25.110001,386100,13.627071
2008-07-11,25.719999,25.85,25.50,25.51,491900,13.844149
2008-07-10,26.00,26.00,25.75,25.75,246100,13.974396
2008-07-09,25.93,26.25,25.85,25.950001,161300,14.082935
2008-07-08,26.07,26.07,25.92,25.959999,278400,14.088361
2008-07-07,25.950001,26.040001,25.85,26.00,322000,14.11007
2008-07-03,25.98,26.049999,25.93,26.040001,193800,14.131778
2008-07-02,25.629999,26.10,25.629999,25.99,174800,14.104643
2008-07-01,25.719999,26.25,25.719999,25.809999,206500,14.006957
2008-06-30,26.09,26.10,24.950001,26.040001,636900,14.131778
2008-06-27,26.25,26.299999,25.90,26.139999,1093900,14.186047
2008-06-26,25.90,26.10,25.700001,25.90,373200,14.0558
2008-06-25,26.16,26.299999,26.08,26.280001,320400,13.967884
2008-06-24,26.18,26.18,25.85,26.139999,245300,13.893473
2008-06-23,26.139999,26.139999,25.85,25.98,287800,13.808433
2008-06-20,26.200001,26.200001,26.040001,26.18,220400,13.914734
2008-06-19,26.18,26.25,26.09,26.200001,326900,13.925364
2008-06-18,26.379999,26.450001,26.120001,26.190001,419200,13.920049
2008-06-17,26.219999,26.24,26.059999,26.200001,417200,13.925364
2008-06-16,26.35,26.450001,26.18,26.24,377700,13.946624
2008-06-13,26.09,26.26,26.040001,26.26,220600,13.957254
2008-06-12,26.00,26.15,25.860001,25.99,596600,13.813748
2008-06-11,25.93,26.00,25.90,25.99,445500,13.813748
2008-06-10,26.00,26.15,25.870001,26.00,417600,13.819063
2008-06-09,26.190001,26.40,25.91,25.98,366800,13.808433
2008-06-06,26.09,26.25,26.049999,26.17,426800,13.909419
2008-06-05,26.00,26.139999,26.00,26.059999,690800,13.850953
2008-06-04,26.23,26.299999,25.91,25.959999,744700,13.797802
2008-06-03,26.200001,26.25,26.00,26.10,1268700,13.872214
2008-06-02,26.290001,26.459999,26.129999,26.16,539300,13.904103
2008-05-30,26.43,26.43,26.219999,26.309999,154900,13.983829
2008-05-29,26.450001,26.58,26.209999,26.26,311000,13.957254
2008-05-28,26.450001,26.57,26.299999,26.42,272300,14.042294
2008-05-27,26.34,26.40,26.200001,26.35,487000,14.005089
2008-05-23,26.27,26.450001,26.17,26.23,109100,13.941308
2008-05-22,26.219999,26.299999,26.00,26.25,408300,13.951939
2008-05-21,26.15,26.50,26.07,26.200001,396600,13.925364
2008-05-20,26.07,26.25,26.01,26.09,345000,13.866898
2008-05-19,26.35,26.459999,25.799999,25.91,492800,13.771228
2008-05-16,26.10,26.280001,26.08,26.280001,415300,13.967884
2008-05-15,26.200001,26.25,26.09,26.120001,604900,13.882844
2008-05-14,26.01,26.25,25.85,26.09,379600,13.866898
2008-05-13,26.200001,26.299999,25.950001,26.200001,653900,13.925364
2008-05-12,26.040001,26.299999,24.99,26.040001,666900,13.840324
2008-05-09,26.10,26.40,25.25,26.10,493500,13.872214
2008-05-08,26.10,26.530001,25.299999,26.10,702700,13.872214
2008-05-07,26.129999,26.50,25.10,26.129999,408100,13.888158
2008-05-06,26.209999,26.40,26.00,26.209999,497100,13.930678
2008-05-05,26.15,26.60,25.27,26.15,987400,13.898788
2008-05-02,26.299999,26.52,25.299999,26.299999,744100,13.978513
2008-05-01,26.450001,26.75,25.52,26.450001,704000,14.05824
2008-04-30,26.450001,26.65,26.10,26.450001,1769100,14.05824
2008-04-29,26.370001,26.60,26.10,26.370001,597000,14.015719
2008-04-28,26.15,26.50,25.15,26.15,495500,13.898788
2008-04-25,26.25,26.40,25.040001,26.25,371400,13.951939
2008-04-24,26.10,26.25,25.15,26.10,771400,13.872214
2008-04-23,26.00,26.299999,25.120001,26.00,968200,13.819063
2008-04-22,26.209999,26.35,25.15,26.209999,745200,13.930678
2008-04-21,25.85,26.50,25.17,25.85,1125800,13.739338
2008-04-18,26.02,26.299999,25.50,26.02,1583400,13.829693
2008-04-17,25.950001,26.200001,25.75,25.950001,1097100,13.792488
2008-04-16,25.700001,26.15,24.90,25.90,1322700,13.765913
2008-04-15,25.85,26.00,24.10,25.700001,1930100,13.659613
2008-04-14,25.90,25.950001,25.50,25.700001,529200,13.659613
2008-04-11,25.75,25.90,24.85,25.60,903900,13.606462
2008-04-10,25.65,25.90,24.75,25.60,2943600,13.606462
2008-04-09,25.549999,25.90,24.85,25.75,2058200,13.686187
2008-04-08,25.50,25.85,25.40,25.60,2886400,13.606462
2008-04-07,25.65,26.00,24.52,25.50,2330100,13.553312
2008-04-04,25.35,26.00,25.00,25.65,2287300,13.633037
2008-04-03,25.10,25.43,24.950001,25.299999,6187400,13.447011
