Date,Open,High,Low,Close,Volume,Adj Close
2016-04-19,3.14,3.54,3.12,3.49,696400,3.49
2016-04-18,3.11,3.19,2.98,3.13,305600,3.13
2016-04-15,2.79,3.13,2.78,3.10,247100,3.10
2016-04-14,2.86,2.86,2.75,2.79,174500,2.79
2016-04-13,2.87,2.87,2.69,2.80,288800,2.80
2016-04-12,2.57,2.82,2.54,2.81,405600,2.81
2016-04-11,2.60,2.71,2.55,2.58,627000,2.58
2016-04-08,2.59,2.66,2.49,2.57,147500,2.57
2016-04-07,2.47,2.60,2.42,2.56,246800,2.56
2016-04-06,2.47,2.49,2.35,2.48,279700,2.48
2016-04-05,2.59,2.59,2.35,2.48,260600,2.48
2016-04-04,2.53,2.66,2.46,2.59,272500,2.59
2016-04-01,2.48,2.56,2.47,2.55,177100,2.55
2016-03-31,2.50,2.54,2.47,2.52,137300,2.52
2016-03-30,2.54,2.60,2.49,2.51,401400,2.51
2016-03-29,2.45,2.53,2.29,2.51,191300,2.51
2016-03-28,2.39,2.46,2.30,2.45,225600,2.45
2016-03-24,2.37,2.53,2.28,2.39,283400,2.39
2016-03-23,2.45,2.53,2.32,2.40,494300,2.40
2016-03-22,2.76,2.77,2.43,2.53,1048300,2.53
2016-03-21,2.60,2.88,2.51,2.81,1275800,2.81
2016-03-18,2.52,2.60,2.42,2.60,1366000,2.60
2016-03-17,2.37,2.58,2.30,2.48,1386000,2.48
2016-03-16,2.14,2.30,2.13,2.30,569800,2.30
2016-03-15,2.25,2.25,2.05,2.16,299500,2.16
2016-03-14,2.20,2.31,2.16,2.30,361400,2.30
2016-03-11,2.19,2.24,2.15,2.24,318300,2.24
2016-03-10,2.30,2.30,2.10,2.21,352800,2.21
2016-03-09,2.23,2.37,2.22,2.32,476300,2.32
2016-03-08,2.36,2.36,2.13,2.25,769200,2.25
2016-03-07,2.45,2.49,2.23,2.30,1098600,2.30
2016-03-04,1.89,2.15,1.80,1.99,1654900,1.99
2016-03-03,1.86,2.01,1.85,1.89,1157100,1.89
2016-03-02,1.46,1.91,1.44,1.88,6365500,1.88
2016-03-01,1.78,1.80,1.49,1.50,2881800,1.50
2016-02-29,1.70,2.06,1.69,1.72,790600,1.72
2016-02-26,2.07,2.14,1.66,1.69,1388600,1.69
2016-02-25,2.15,2.28,1.98,2.14,851100,2.14
2016-02-24,2.41,2.46,2.13,2.17,504200,2.17
2016-02-23,2.63,2.70,2.44,2.47,441200,2.47
2016-02-22,2.93,2.93,2.54,2.72,1227500,2.72
2016-02-19,3.30,3.30,2.96,3.01,257300,3.01
2016-02-18,3.21,3.32,3.05,3.28,265300,3.28
2016-02-17,3.09,3.24,3.04,3.20,479100,3.20
2016-02-16,3.12,3.12,3.00,3.03,240100,3.03
2016-02-12,2.95,3.07,2.84,3.04,245500,3.04
2016-02-11,3.10,3.10,2.84,2.91,437300,2.91
2016-02-10,3.08,3.28,3.02,3.10,286600,3.10
2016-02-09,3.38,3.38,3.01,3.03,316500,3.03
2016-02-08,3.39,3.42,3.18,3.41,224600,3.41
2016-02-05,3.79,3.79,3.39,3.40,189000,3.40
2016-02-04,3.29,3.89,3.21,3.80,385300,3.80
2016-02-03,3.05,3.29,3.00,3.27,375100,3.27
2016-02-02,3.14,3.15,2.99,3.02,224400,3.02
2016-02-01,3.36,3.36,3.14,3.16,194400,3.16
2016-01-29,3.36,3.49,3.14,3.34,675300,3.34
2016-01-28,3.21,3.40,3.16,3.31,811100,3.31
2016-01-27,3.30,3.34,3.13,3.15,188200,3.15
2016-01-26,3.16,3.29,3.09,3.29,256700,3.29
2016-01-25,3.20,3.20,3.05,3.11,207200,3.11
2016-01-22,3.20,3.30,3.08,3.11,191000,3.11
2016-01-21,3.18,3.40,3.09,3.13,260500,3.13
2016-01-20,3.02,3.51,2.98,3.22,595300,3.22
2016-01-19,3.07,3.10,3.01,3.05,329300,3.05
2016-01-15,3.04,3.06,2.94,3.01,222800,3.01
2016-01-14,3.09,3.20,2.93,3.11,225300,3.11
2016-01-13,3.34,3.34,2.70,3.02,609800,3.02
2016-01-12,3.54,3.58,3.26,3.34,196100,3.34
2016-01-11,3.55,3.55,3.39,3.46,279300,3.46
2016-01-08,3.65,3.66,3.44,3.52,383100,3.52
2016-01-07,3.95,3.95,3.50,3.53,220600,3.53
2016-01-06,4.04,4.07,3.96,4.02,175300,4.02
2016-01-05,4.26,4.27,3.98,4.15,199800,4.15
2016-01-04,4.16,4.25,3.97,4.24,554800,4.24
2015-12-31,4.19,4.24,4.03,4.16,157200,4.16
2015-12-30,4.32,4.38,4.10,4.11,155200,4.11
2015-12-29,4.39,4.43,4.23,4.37,246500,4.37
2015-12-28,4.47,4.54,4.19,4.36,381700,4.36
2015-12-24,4.43,4.49,4.36,4.47,107700,4.47
2015-12-23,4.25,4.57,4.21,4.37,309200,4.37
2015-12-22,4.14,4.24,4.08,4.23,228400,4.23
2015-12-21,4.10,4.22,3.97,4.11,284600,4.11
2015-12-18,3.78,4.06,3.76,4.05,495800,4.05
2015-12-17,3.76,3.85,3.70,3.79,169200,3.79
2015-12-16,3.78,3.88,3.72,3.79,299500,3.79
2015-12-15,3.73,3.88,3.71,3.77,205400,3.77
2015-12-14,3.95,3.99,3.66,3.69,323800,3.69
2015-12-11,4.04,4.09,3.95,3.99,274500,3.99
2015-12-10,4.08,4.17,3.99,4.13,297100,4.13
2015-12-09,3.80,4.09,3.79,4.05,496000,4.05
2015-12-08,4.04,4.06,3.82,3.83,449600,3.83
2015-12-07,4.09,4.20,3.98,4.06,410200,4.06
2015-12-04,3.85,4.13,3.83,4.09,351100,4.09
2015-12-03,4.25,4.29,3.91,3.91,627500,3.91
2015-12-02,4.48,4.48,4.21,4.23,640100,4.23
2015-12-01,4.63,4.67,4.45,4.48,871100,4.48
2015-11-30,5.16,5.17,4.64,4.65,843300,4.65
2015-11-27,5.48,5.49,5.15,5.17,259200,5.17
2015-11-25,5.74,5.78,5.51,5.54,516300,5.54
2015-11-24,5.81,5.90,5.78,5.89,370400,5.89
2015-11-23,6.07,6.11,5.79,5.81,330600,5.81
2015-11-20,6.42,6.45,6.10,6.12,148700,6.12
2015-11-19,6.36,6.42,6.28,6.38,162600,6.38
2015-11-18,6.25,6.44,6.21,6.37,255500,6.37
2015-11-17,6.25,6.26,6.09,6.25,221500,6.25
2015-11-16,6.06,6.23,6.00,6.22,85000,6.22
2015-11-13,6.12,6.20,6.02,6.08,89800,6.08
2015-11-12,6.19,6.29,6.13,6.19,187700,6.19
2015-11-11,6.27,6.47,6.16,6.25,213900,6.25
2015-11-10,6.25,6.33,6.17,6.23,165900,6.23
2015-11-09,6.38,6.40,6.10,6.29,252300,6.29
2015-11-06,6.20,6.45,6.17,6.38,318600,6.38
2015-11-05,6.36,6.41,6.19,6.23,443600,6.23
2015-11-04,6.35,6.50,6.22,6.33,340600,6.33
2015-11-03,6.22,6.43,6.17,6.36,417900,6.36
2015-11-02,6.61,6.73,6.17,6.21,430400,6.21
2015-10-30,6.68,6.84,6.60,6.62,696300,6.62
2015-10-29,6.30,7.15,6.30,6.69,845500,6.69
2015-10-28,5.99,6.24,5.94,6.20,439100,6.20
2015-10-27,6.04,6.08,5.86,5.99,369800,5.99
2015-10-26,6.16,6.23,5.98,6.05,382400,6.05
2015-10-23,6.13,6.22,6.01,6.20,275900,6.20
2015-10-22,5.87,6.08,5.87,6.06,297600,6.06
2015-10-21,5.96,6.01,5.81,5.87,192200,5.87
2015-10-20,6.37,6.45,5.99,5.99,268700,5.99
2015-10-19,6.21,6.46,6.21,6.40,362800,6.40
2015-10-16,6.42,6.48,6.20,6.24,345100,6.24
2015-10-15,6.64,6.66,6.20,6.38,417900,6.38
2015-10-14,6.90,6.99,6.52,6.66,466400,6.66
2015-10-13,7.15,7.16,6.87,6.95,217600,6.95
2015-10-12,7.30,7.30,6.93,7.14,194600,7.14
2015-10-09,7.42,7.51,7.23,7.26,155700,7.26
2015-10-08,7.25,7.40,7.18,7.37,209700,7.37
2015-10-07,7.45,7.64,7.12,7.22,301000,7.22
2015-10-06,6.93,7.51,6.83,7.38,645400,7.38
2015-10-05,6.62,7.00,6.60,6.90,145800,6.90
2015-10-02,6.39,6.59,6.25,6.57,334300,6.57
2015-10-01,6.45,6.58,6.29,6.42,222800,6.42
2015-09-30,6.72,6.99,6.32,6.43,688300,6.43
2015-09-29,7.05,7.16,6.64,6.73,480300,6.73
2015-09-28,7.60,7.60,7.06,7.08,242100,7.08
2015-09-25,7.70,7.90,7.52,7.66,323700,7.66
2015-09-24,7.56,7.68,7.53,7.64,316200,7.64
2015-09-23,7.96,7.99,7.53,7.60,535600,7.60
2015-09-22,8.32,8.36,7.84,7.91,380300,7.91
2015-09-21,8.95,8.96,8.26,8.37,352300,8.37
2015-09-18,9.28,9.29,8.81,8.93,1005700,8.93
2015-09-17,9.57,9.68,9.33,9.39,261000,9.39
2015-09-16,9.74,9.92,9.51,9.57,181000,9.57
2015-09-15,9.22,9.78,9.10,9.78,228700,9.78
2015-09-14,9.51,9.51,9.16,9.27,185800,9.27
2015-09-11,9.40,9.54,9.22,9.48,162200,9.48
2015-09-10,9.58,9.67,9.40,9.46,152300,9.46
2015-09-09,10.05,10.10,9.60,9.60,204900,9.60
2015-09-08,9.49,10.03,9.45,9.96,358300,9.96
2015-09-04,9.52,9.63,9.39,9.40,131300,9.40
2015-09-03,9.64,9.78,9.55,9.62,320500,9.62
2015-09-02,9.68,9.74,9.49,9.64,252300,9.64
2015-09-01,9.55,9.66,9.35,9.59,322100,9.59
2015-08-31,9.59,9.80,9.52,9.67,284300,9.67
2015-08-28,9.24,9.81,9.24,9.60,271300,9.60
2015-08-27,9.11,9.44,9.01,9.29,305400,9.29
2015-08-26,9.13,9.18,8.89,9.05,368500,9.05
2015-08-25,9.62,9.66,8.96,9.00,390500,9.00
2015-08-24,9.37,9.88,9.30,9.46,311400,9.46
2015-08-21,9.75,10.28,9.75,9.99,347600,9.99
2015-08-20,9.97,10.24,9.94,10.02,288700,10.02
2015-08-19,10.06,10.18,9.85,10.04,203400,10.04
2015-08-18,10.11,10.18,9.78,10.14,211000,10.14
2015-08-17,9.78,10.23,9.68,10.12,235700,10.12
2015-08-14,9.45,9.88,9.39,9.83,167800,9.83
2015-08-13,9.99,10.09,9.56,9.60,263400,9.60
2015-08-12,9.98,10.15,9.89,10.01,190000,10.01
2015-08-11,9.94,10.07,9.83,10.03,139600,10.03
2015-08-10,9.94,10.19,9.86,10.06,234700,10.06
2015-08-07,9.84,10.02,9.75,9.95,239000,9.95
2015-08-06,10.12,10.14,9.81,9.96,330900,9.96
2015-08-05,10.08,10.29,10.03,10.16,294800,10.16
2015-08-04,10.92,10.92,9.60,10.02,755200,10.02
2015-08-03,9.51,12.00,9.51,11.04,1310900,11.04
2015-07-31,9.71,9.91,9.39,9.51,477000,9.51
2015-07-30,9.46,9.80,9.23,9.66,1032900,9.66
2015-07-29,7.72,7.81,7.61,7.64,350800,7.64
2015-07-28,7.75,7.83,7.62,7.70,388800,7.70
2015-07-27,7.84,7.98,7.72,7.74,198100,7.74
2015-07-24,7.78,7.91,7.56,7.91,901600,7.91
2015-07-23,8.09,8.18,7.73,7.82,489100,7.82
2015-07-22,8.29,8.38,8.07,8.10,163900,8.10
2015-07-21,8.31,8.50,8.29,8.35,287200,8.35
2015-07-20,8.75,8.76,8.26,8.29,425100,8.29
2015-07-17,8.86,8.93,8.69,8.71,166400,8.71
2015-07-16,8.93,9.12,8.81,8.84,286600,8.84
2015-07-15,9.07,9.18,8.94,8.99,224900,8.99
2015-07-14,9.19,9.21,9.03,9.09,390000,9.09
2015-07-13,9.25,9.29,9.05,9.17,449500,9.17
2015-07-10,9.25,9.40,9.19,9.25,318100,9.25
2015-07-09,9.20,9.26,9.13,9.15,113800,9.15
2015-07-08,9.50,9.56,9.11,9.11,202300,9.11
2015-07-07,9.58,9.60,9.20,9.56,200200,9.56
2015-07-06,9.50,9.63,9.44,9.61,257500,9.61
2015-07-02,9.65,9.86,9.52,9.54,307000,9.54
2015-07-01,9.96,9.99,9.39,9.65,561700,9.65
2015-06-30,9.99,10.05,9.87,9.92,321900,9.92
2015-06-29,10.14,10.22,9.88,9.93,307500,9.93
2015-06-26,10.36,10.41,10.07,10.24,453000,10.24
2015-06-25,10.49,10.61,10.22,10.33,186700,10.33
2015-06-24,10.59,10.73,10.37,10.50,298500,10.50
2015-06-23,10.56,10.72,10.47,10.60,275900,10.60
2015-06-22,11.11,11.11,10.54,10.57,314400,10.57
2015-06-19,10.45,11.17,10.39,11.02,709100,11.02
2015-06-18,10.16,10.54,10.12,10.39,359900,10.39
2015-06-17,10.31,10.45,10.09,10.15,232000,10.15
2015-06-16,10.43,10.55,10.26,10.28,232200,10.28
2015-06-15,10.50,10.52,10.13,10.46,479300,10.46
2015-06-12,10.42,10.65,10.21,10.59,428200,10.59
2015-06-11,10.31,10.71,10.31,10.42,329800,10.42
2015-06-10,10.44,10.61,10.29,10.31,376500,10.31
2015-06-09,10.52,10.59,10.31,10.38,232100,10.38
2015-06-08,10.81,10.87,10.48,10.51,290600,10.51
2015-06-05,10.61,10.81,10.44,10.79,194400,10.79
2015-06-04,10.86,10.86,10.46,10.61,219700,10.61
2015-06-03,10.53,10.90,10.52,10.78,429200,10.78
2015-06-02,10.57,10.74,10.48,10.55,309200,10.55
2015-06-01,10.88,10.95,10.49,10.63,476300,10.63
2015-05-29,10.39,10.79,10.32,10.69,446500,10.69
2015-05-28,10.43,10.46,10.32,10.38,258300,10.38
2015-05-27,10.37,10.52,10.26,10.40,211900,10.40
2015-05-26,10.47,10.61,10.14,10.33,327500,10.33
2015-05-22,10.40,10.57,10.31,10.48,370400,10.48
2015-05-21,10.61,10.70,10.29,10.39,305500,10.39
2015-05-20,10.44,10.69,10.44,10.58,520600,10.58
2015-05-19,11.25,11.30,10.27,10.44,1109000,10.44
2015-05-18,11.05,11.29,10.94,11.25,375900,11.25
2015-05-15,11.23,11.36,11.04,11.06,422000,11.06
2015-05-14,11.20,11.37,10.95,11.21,649700,11.21
2015-05-13,11.79,12.00,11.13,11.20,522900,11.20
2015-05-12,11.49,11.72,11.26,11.67,1034400,11.67
2015-05-11,11.89,12.21,11.83,11.96,468000,11.96
2015-05-08,12.27,12.36,11.96,11.99,333100,11.99
2015-05-07,12.12,12.39,11.89,12.22,335400,12.22
2015-05-06,12.37,12.46,12.00,12.10,476000,12.10
2015-05-05,12.49,12.57,12.35,12.38,268500,12.38
2015-05-04,12.00,12.65,11.92,12.47,370900,12.47
2015-05-01,12.44,12.48,11.82,12.04,259500,12.04
2015-04-30,12.06,12.93,12.06,12.59,540800,12.59
2015-04-29,12.35,12.60,12.11,12.42,309600,12.42
2015-04-28,12.52,12.64,12.33,12.35,307300,12.35
2015-04-27,11.95,12.56,11.93,12.48,500700,12.48
2015-04-24,11.90,12.03,11.86,11.88,103000,11.88
2015-04-23,11.87,12.02,11.80,11.87,161400,11.87
2015-04-22,11.92,11.99,11.70,11.87,89300,11.87
2015-04-21,12.13,12.26,11.85,11.95,361100,11.95
2015-04-20,11.86,12.13,11.86,12.11,112400,12.11
2015-04-17,12.14,12.14,11.74,11.85,133700,11.85
2015-04-16,12.28,12.28,12.02,12.21,111800,12.21
2015-04-15,11.97,12.34,11.79,12.28,511500,12.28
2015-04-14,11.80,11.97,11.77,11.90,484100,11.90
2015-04-13,12.13,12.25,11.73,11.81,178500,11.81
2015-04-10,12.32,12.46,12.02,12.11,248900,12.11
2015-04-09,12.04,12.30,11.98,12.25,182900,12.25
2015-04-08,12.12,12.20,12.01,12.03,91100,12.03
2015-04-07,12.15,12.34,12.03,12.07,120900,12.07
2015-04-06,11.95,12.21,11.95,12.17,152300,12.17
2015-04-02,12.07,12.24,11.94,11.95,163400,11.95
2015-04-01,11.99,12.10,11.79,12.06,165200,12.06
2015-03-31,11.75,12.02,11.49,12.00,436400,12.00
2015-03-30,11.73,11.94,11.65,11.80,198600,11.80
2015-03-27,11.60,11.69,11.49,11.68,226500,11.68
2015-03-26,11.67,11.84,11.52,11.55,192400,11.55
2015-03-25,11.64,11.73,11.39,11.65,368100,11.65
2015-03-24,11.75,11.88,11.53,11.66,266800,11.66
2015-03-23,11.57,11.98,11.57,11.80,210500,11.80
2015-03-20,11.45,11.66,11.45,11.54,470400,11.54
2015-03-19,11.34,11.56,11.28,11.40,248500,11.40
2015-03-18,11.19,11.49,11.13,11.46,260000,11.46
2015-03-17,11.02,11.42,10.99,11.17,348500,11.17
2015-03-16,11.23,11.30,11.00,11.04,250300,11.04
2015-03-13,11.30,11.34,10.97,11.15,363000,11.15
2015-03-12,11.37,11.47,11.20,11.29,315500,11.29
2015-03-11,11.25,11.34,11.19,11.27,270800,11.27
2015-03-10,11.38,11.46,11.03,11.27,234800,11.27
2015-03-09,11.76,11.90,11.45,11.51,498900,11.51
2015-03-06,11.40,11.75,11.40,11.70,371100,11.70
2015-03-05,11.24,11.87,11.15,11.56,555700,11.56
2015-03-04,11.34,11.58,11.27,11.40,246300,11.40
2015-03-03,11.52,12.02,11.46,11.47,373200,11.47
2015-03-02,12.40,12.62,11.93,11.96,222000,11.96
2015-02-27,12.54,12.83,12.36,12.37,456500,12.37
2015-02-26,13.19,13.22,12.76,12.83,250700,12.83
2015-02-25,13.00,13.25,12.76,13.15,432900,13.15
2015-02-24,12.47,13.02,12.43,13.00,520500,13.00
2015-02-23,12.93,13.11,12.44,12.50,730300,12.50
2015-02-20,13.44,13.94,13.07,13.19,1021500,13.19
2015-02-19,15.30,15.40,12.84,13.46,1659400,13.46
2015-02-18,18.00,18.00,15.55,15.77,1401200,15.77
2015-02-17,17.309999,17.57,17.17,17.43,241000,17.43
2015-02-13,17.24,17.40,17.139999,17.299999,108300,17.299999
2015-02-12,16.90,17.26,16.860001,17.24,180000,17.24
2015-02-11,16.76,17.00,16.530001,16.92,111800,16.92
2015-02-10,16.74,16.99,16.60,16.67,323600,16.67
2015-02-09,16.709999,16.92,16.610001,16.790001,136300,16.790001
2015-02-06,16.610001,16.92,16.50,16.719999,104000,16.719999
2015-02-05,16.549999,16.959999,16.51,16.82,85300,16.82
2015-02-04,16.530001,16.67,16.43,16.540001,205900,16.540001
2015-02-03,16.16,16.83,16.139999,16.639999,224300,16.639999
2015-02-02,15.84,16.15,15.58,16.040001,138100,16.040001
2015-01-30,15.72,16.049999,15.61,15.75,137800,15.75
2015-01-29,15.76,15.91,15.58,15.88,125800,15.88
2015-01-28,16.43,16.43,15.68,15.71,126600,15.71
2015-01-27,16.299999,16.370001,15.96,16.26,137300,16.26
2015-01-26,16.00,16.52,16.00,16.469999,101100,16.469999
2015-01-23,16.309999,16.610001,16.219999,16.280001,121700,16.280001
2015-01-22,16.58,16.75,16.25,16.309999,124400,16.309999
2015-01-21,16.76,16.780001,16.33,16.459999,97800,16.459999
2015-01-20,17.08,17.26,16.60,16.83,235000,16.83
2015-01-16,16.879999,17.09,16.83,16.99,235400,16.99
2015-01-15,16.75,17.24,16.75,16.959999,184000,16.959999
2015-01-14,16.32,16.98,16.25,16.85,128700,16.85
2015-01-13,16.93,17.10,16.469999,16.780001,91200,16.780001
2015-01-12,16.969999,16.969999,16.540001,16.76,117700,16.76
2015-01-09,17.209999,17.209999,16.75,16.93,130900,16.93
2015-01-08,16.860001,17.67,16.860001,17.219999,191100,17.219999
2015-01-07,16.57,16.74,16.32,16.690001,108100,16.690001
2015-01-06,16.940001,17.10,16.370001,16.459999,133800,16.459999
2015-01-05,17.00,17.200001,16.639999,16.860001,133100,16.860001
2015-01-02,17.459999,17.639999,17.129999,17.139999,94600,17.139999
2014-12-31,17.33,17.440001,17.280001,17.360001,99500,17.360001
2014-12-30,17.379999,17.379999,17.10,17.25,92900,17.25
2014-12-29,17.41,17.50,17.129999,17.370001,201300,17.370001
2014-12-26,16.93,17.52,16.83,17.51,175400,17.51
2014-12-24,16.65,16.92,16.610001,16.83,30800,16.83
2014-12-23,16.91,17.23,16.450001,16.639999,209600,16.639999
2014-12-22,16.790001,17.23,16.639999,16.83,184700,16.83
2014-12-19,16.91,17.120001,16.60,16.809999,324100,16.809999
2014-12-18,16.60,17.049999,16.51,16.90,150500,16.90
2014-12-17,16.139999,16.42,16.07,16.40,250600,16.40
2014-12-16,15.68,16.299999,15.40,16.15,345000,16.15
2014-12-15,16.059999,16.059999,15.45,15.48,171300,15.48
2014-12-12,16.25,16.40,15.94,15.94,221800,15.94
2014-12-11,16.700001,16.85,16.299999,16.440001,143700,16.440001
2014-12-10,17.040001,17.120001,16.549999,16.620001,118400,16.620001
2014-12-09,16.940001,17.16,16.76,17.08,295600,17.08
2014-12-08,16.93,17.27,16.82,17.110001,126600,17.110001
2014-12-05,16.860001,17.219999,16.860001,17.01,107200,17.01
2014-12-04,17.129999,17.129999,16.799999,16.879999,110300,16.879999
2014-12-03,17.139999,17.440001,17.08,17.190001,133400,17.190001
2014-12-02,17.190001,17.43,16.950001,17.08,158700,17.08
2014-12-01,17.59,17.59,16.799999,17.139999,225000,17.139999
2014-11-28,17.629999,17.889999,17.540001,17.610001,64300,17.610001
2014-11-26,17.68,17.91,17.639999,17.65,79200,17.65
2014-11-25,17.35,17.77,17.299999,17.629999,148600,17.629999
2014-11-24,17.25,17.450001,17.219999,17.35,89100,17.35
2014-11-21,17.18,17.530001,17.10,17.25,118700,17.25
2014-11-20,16.879999,17.16,16.879999,16.98,69100,16.98
2014-11-19,17.42,17.50,16.959999,16.99,169800,16.99
2014-11-18,17.65,17.74,17.41,17.41,118400,17.41
2014-11-17,17.84,17.959999,17.59,17.60,75100,17.60
2014-11-14,17.780001,17.879999,17.74,17.84,104400,17.84
2014-11-13,17.75,18.08,17.74,17.83,108500,17.83
2014-11-12,17.83,17.940001,17.629999,17.77,171100,17.77
2014-11-11,18.209999,18.280001,17.93,17.950001,203900,17.950001
2014-11-10,18.65,18.860001,18.190001,18.219999,138200,18.219999
2014-11-07,18.59,18.67,18.34,18.610001,116900,18.610001
2014-11-06,18.83,19.00,18.559999,18.68,139200,18.68
2014-11-05,18.889999,19.040001,18.559999,18.91,167800,18.91
2014-11-04,19.23,19.290001,18.290001,18.83,178500,18.83
2014-11-03,19.50,19.50,19.030001,19.200001,305200,19.200001
2014-10-31,19.629999,19.780001,19.27,19.459999,315600,19.459999
2014-10-30,18.43,20.08,18.059999,19.42,595700,19.42
2014-10-29,18.08,18.26,17.90,17.969999,203200,17.969999
2014-10-28,17.700001,18.09,17.700001,18.09,230100,18.09
2014-10-27,17.690001,17.82,17.51,17.65,142200,17.65
2014-10-24,17.85,17.959999,17.66,17.780001,100200,17.780001
2014-10-23,17.639999,17.92,17.629999,17.76,152800,17.76
2014-10-22,17.84,17.950001,17.25,17.540001,445300,17.540001
2014-10-21,17.23,18.030001,17.23,17.77,428000,17.77
2014-10-20,17.59,17.59,16.799999,17.18,474800,17.18
2014-10-17,16.16,17.780001,16.00,17.60,497600,17.60
2014-10-16,15.85,16.190001,15.76,15.96,268400,15.96
2014-10-15,15.58,16.450001,15.56,16.09,329800,16.09
2014-10-14,15.66,15.89,15.63,15.67,156600,15.67
2014-10-13,15.57,15.78,15.31,15.60,170900,15.60
2014-10-10,15.86,15.92,15.38,15.42,213200,15.42
2014-10-09,16.51,16.610001,15.91,15.92,145700,15.92
2014-10-08,16.40,16.639999,16.24,16.52,153600,16.52
2014-10-07,16.58,16.709999,16.43,16.48,174000,16.48
2014-10-06,16.540001,16.809999,16.42,16.60,199100,16.60
2014-10-03,16.35,16.50,16.16,16.440001,265500,16.440001
2014-10-02,16.10,16.290001,15.78,16.209999,471700,16.209999
2014-10-01,17.16,17.16,16.110001,16.129999,332200,16.129999
2014-09-30,16.940001,17.33,16.82,17.139999,187500,17.139999
2014-09-29,16.82,16.99,16.799999,16.959999,325000,16.959999
2014-09-26,16.870001,17.040001,16.860001,16.99,329600,16.99
2014-09-25,17.10,17.190001,16.799999,16.879999,357300,16.879999
2014-09-24,17.040001,17.09,16.84,17.07,123600,17.07
2014-09-23,17.07,17.389999,16.969999,17.049999,159200,17.049999
2014-09-22,17.35,17.35,16.99,17.120001,172400,17.120001
2014-09-19,17.299999,17.469999,17.040001,17.40,408000,17.40
2014-09-18,17.00,17.26,16.879999,17.209999,125100,17.209999
2014-09-17,17.10,17.26,16.959999,16.99,155200,16.99
2014-09-16,17.25,17.309999,17.01,17.110001,284300,17.110001
2014-09-15,17.07,17.309999,17.030001,17.25,232100,17.25
2014-09-12,17.18,17.200001,16.92,17.17,182700,17.17
2014-09-11,16.860001,17.190001,16.809999,17.15,207000,17.15
2014-09-10,16.549999,17.08,16.35,16.950001,309100,16.950001
2014-09-09,17.16,17.16,16.48,16.50,292000,16.50
2014-09-08,17.43,17.549999,17.059999,17.24,190900,17.24
2014-09-05,17.309999,17.59,17.309999,17.49,131700,17.49
2014-09-04,17.50,17.58,17.32,17.360001,73100,17.360001
2014-09-03,17.67,17.67,17.33,17.450001,99600,17.450001
2014-09-02,17.610001,17.690001,17.299999,17.60,86400,17.60
2014-08-29,17.379999,17.549999,17.26,17.540001,71600,17.540001
2014-08-28,17.629999,17.629999,17.32,17.389999,110500,17.389999
2014-08-27,17.58,17.780001,17.52,17.68,87200,17.68
2014-08-26,17.620001,17.629999,17.52,17.60,125600,17.60
2014-08-25,17.790001,17.790001,17.450001,17.549999,79400,17.549999
2014-08-22,18.030001,18.030001,17.639999,17.690001,100000,17.690001
2014-08-21,17.84,18.049999,17.66,18.01,227400,18.01
2014-08-20,18.190001,18.190001,17.73,17.860001,115200,17.860001
2014-08-19,18.52,18.60,18.209999,18.23,69400,18.23
2014-08-18,18.32,18.639999,18.190001,18.50,277200,18.50
2014-08-15,18.27,18.40,17.889999,18.15,759500,18.15
2014-08-14,18.059999,18.190001,17.959999,18.17,52200,18.17
2014-08-13,18.120001,18.16,17.870001,18.01,178900,18.01
2014-08-12,18.030001,18.139999,17.85,18.030001,136200,18.030001
2014-08-11,17.860001,18.280001,17.780001,18.129999,129300,18.129999
2014-08-08,17.68,17.93,17.59,17.809999,131000,17.809999
2014-08-07,18.18,18.34,17.68,17.77,254400,17.77
2014-08-06,18.700001,18.860001,18.10,18.17,232600,18.17
2014-08-05,18.74,19.049999,18.58,18.790001,445400,18.790001
2014-08-04,18.799999,19.280001,18.559999,18.83,338600,18.83
2014-08-01,18.549999,18.620001,18.02,18.129999,300600,18.129999
2014-07-31,18.92,18.98,18.43,18.540001,316400,18.540001
2014-07-30,18.780001,19.030001,18.77,19.00,240400,19.00
2014-07-29,18.559999,18.84,18.549999,18.700001,161300,18.700001
2014-07-28,18.709999,18.77,18.370001,18.49,196400,18.49
2014-07-25,19.10,19.120001,18.620001,18.709999,129400,18.709999
2014-07-24,19.35,19.35,19.08,19.209999,124700,19.209999
2014-07-23,19.280001,19.469999,19.110001,19.370001,157500,19.370001
2014-07-22,18.959999,19.379999,18.959999,19.299999,353700,19.299999
2014-07-21,18.879999,19.01,18.58,18.91,363000,18.91
2014-07-18,19.459999,19.639999,18.83,18.879999,497900,18.879999
2014-07-17,19.440001,19.780001,19.40,19.440001,355800,19.440001
2014-07-16,19.16,19.68,19.07,19.459999,539300,19.459999
2014-07-15,18.940001,19.059999,18.77,19.040001,267600,19.040001
2014-07-14,18.98,19.110001,18.82,18.92,173000,18.92
2014-07-11,18.690001,18.870001,18.48,18.809999,238300,18.809999
2014-07-10,18.57,18.700001,18.40,18.610001,1040700,18.610001
2014-07-09,18.809999,18.98,18.65,18.700001,348400,18.700001
2014-07-08,18.76,18.889999,18.57,18.799999,658900,18.799999
2014-07-07,19.32,19.32,18.75,18.84,321100,18.84
2014-07-03,19.360001,19.360001,19.200001,19.33,435500,19.33
2014-07-02,18.84,19.33,18.84,19.26,236600,19.26
2014-07-01,18.92,19.00,18.799999,18.870001,502600,18.870001
2014-06-30,18.690001,18.99,18.58,18.84,628900,18.84
2014-06-27,18.99,19.15,18.65,18.66,2752300,18.66
2014-06-26,18.77,19.120001,18.540001,19.059999,827900,19.059999
2014-06-25,18.57,18.98,18.43,18.799999,820400,18.799999
2014-06-24,18.52,18.83,18.49,18.65,638900,18.65
2014-06-23,18.57,18.690001,18.49,18.57,583600,18.57
2014-06-20,18.459999,18.66,18.459999,18.57,914600,18.57
2014-06-19,18.18,18.57,18.18,18.370001,364300,18.370001
2014-06-18,18.280001,18.35,18.00,18.129999,535800,18.129999
2014-06-17,18.49,18.83,18.280001,18.32,261200,18.32
2014-06-16,18.33,18.74,18.07,18.48,547200,18.48
2014-06-13,18.200001,18.370001,18.09,18.139999,440500,18.139999
2014-06-12,18.360001,18.610001,18.040001,18.139999,350800,18.139999
2014-06-11,18.799999,18.860001,18.23,18.469999,527800,18.469999
2014-06-10,18.940001,19.059999,18.290001,18.67,310100,18.67
2014-06-09,19.07,19.17,18.860001,18.91,385400,18.91
2014-06-06,19.040001,19.34,18.85,19.049999,165000,19.049999
2014-06-05,19.120001,19.25,18.780001,18.940001,888300,18.940001
2014-06-04,18.91,19.40,18.690001,19.00,278400,19.00
2014-06-03,18.73,19.059999,18.68,18.90,152700,18.90
2014-06-02,19.379999,19.48,18.790001,18.82,86600,18.82
2014-05-30,19.32,19.40,19.299999,19.389999,101800,19.389999
2014-05-29,19.360001,19.42,19.27,19.32,92400,19.32
2014-05-28,19.440001,19.48,19.27,19.360001,84200,19.360001
2014-05-27,19.43,19.68,19.200001,19.469999,89100,19.469999
2014-05-23,19.26,19.690001,19.120001,19.49,186100,19.49
2014-05-22,19.25,19.379999,19.110001,19.290001,115400,19.290001
2014-05-21,19.23,19.370001,19.08,19.27,119000,19.27
2014-05-20,19.25,19.33,19.040001,19.23,119100,19.23
2014-05-19,19.18,19.469999,19.139999,19.290001,127200,19.290001
2014-05-16,18.92,19.299999,18.809999,19.27,78800,19.27
2014-05-15,18.950001,19.02,18.33,18.860001,168100,18.860001
2014-05-14,19.16,19.370001,18.92,18.950001,156600,18.950001
2014-05-13,19.15,19.309999,19.120001,19.139999,80700,19.139999
2014-05-12,19.48,19.52,19.09,19.139999,110200,19.139999
2014-05-09,19.190001,19.41,19.030001,19.360001,115500,19.360001
2014-05-08,19.59,19.780001,19.00,19.18,136300,19.18
2014-05-07,19.459999,19.870001,19.290001,19.58,250400,19.58
2014-05-06,18.92,19.440001,18.92,19.360001,173600,19.360001
2014-05-05,18.370001,18.98,18.26,18.92,80400,18.92
2014-05-02,19.610001,19.610001,18.469999,18.74,191100,18.74
2014-05-01,18.43,19.75,18.43,19.559999,277300,19.559999
2014-04-30,17.74,18.26,17.700001,18.18,123100,18.18
2014-04-29,17.889999,17.940001,17.66,17.809999,98800,17.809999
2014-04-28,18.309999,18.559999,17.799999,17.93,65000,17.93
2014-04-25,18.40,18.49,18.059999,18.290001,197500,18.290001
2014-04-24,18.24,18.559999,18.040001,18.43,156200,18.43
2014-04-23,18.040001,18.23,17.940001,18.15,102500,18.15
2014-04-22,17.639999,18.059999,17.639999,18.030001,105400,18.030001
2014-04-21,17.16,17.83,17.16,17.60,64800,17.60
2014-04-17,17.309999,17.559999,17.07,17.129999,65600,17.129999
2014-04-16,17.309999,17.57,17.190001,17.25,86000,17.25
2014-04-15,17.209999,17.540001,16.92,17.25,265400,17.25
2014-04-14,17.51,17.75,17.139999,17.209999,116400,17.209999
2014-04-11,17.26,17.50,17.040001,17.379999,195400,17.379999
2014-04-10,17.610001,17.67,17.34,17.389999,91400,17.389999
2014-04-09,17.67,18.030001,17.48,17.58,160000,17.58
2014-04-08,17.459999,17.83,17.32,17.60,162900,17.60
2014-04-07,17.870001,18.200001,17.25,17.43,309700,17.43
2014-04-04,18.48,18.76,17.709999,17.83,263700,17.83
2014-04-03,18.34,18.440001,18.110001,18.389999,190100,18.389999
2014-04-02,18.379999,18.51,18.209999,18.299999,460500,18.299999
2014-04-01,18.67,18.719999,18.23,18.33,193700,18.33
2014-03-31,18.74,18.90,18.629999,18.719999,225100,18.719999
2014-03-28,18.620001,18.870001,18.41,18.68,385800,18.68
2014-03-27,18.50,18.68,18.389999,18.610001,832500,18.610001
2014-03-26,18.379999,18.629999,18.379999,18.540001,155700,18.540001
2014-03-25,17.889999,18.42,17.799999,18.379999,307600,18.379999
2014-03-24,17.559999,18.07,17.559999,17.85,226800,17.85
2014-03-21,17.75,17.790001,17.200001,17.540001,545500,17.540001
2014-03-20,17.879999,18.01,17.610001,17.68,248900,17.68
2014-03-19,18.40,18.41,17.90,17.959999,488300,17.959999
2014-03-18,18.66,18.790001,18.35,18.360001,135300,18.360001
2014-03-17,18.719999,18.950001,18.51,18.59,305800,18.59
2014-03-14,18.370001,18.84,18.26,18.629999,256100,18.629999
2014-03-13,18.91,19.209999,18.32,18.35,287300,18.35
2014-03-12,18.610001,18.92,18.370001,18.90,190000,18.90
2014-03-11,19.18,19.469999,18.610001,18.65,257100,18.65
2014-03-10,19.07,19.51,18.969999,19.25,349300,19.25
2014-03-07,19.76,19.83,19.049999,19.16,475900,19.16
2014-03-06,19.85,20.030001,19.67,19.83,50800,19.83
2014-03-05,19.969999,20.040001,19.540001,19.780001,99200,19.780001
2014-03-04,19.610001,20.65,19.610001,19.950001,270400,19.950001
2014-03-03,19.51,19.709999,19.030001,19.559999,282900,19.559999
2014-02-28,19.98,20.549999,19.620001,19.84,145600,19.84
2014-02-27,20.01,20.209999,19.85,19.940001,72000,19.940001
2014-02-26,19.73,20.190001,19.620001,20.07,258100,20.07
2014-02-25,20.07,20.35,19.709999,19.74,251200,19.74
2014-02-24,20.73,20.90,20.08,20.139999,322000,20.139999
2014-02-21,21.32,21.33,20.639999,20.65,264600,20.65
2014-02-20,22.23,22.23,21.00,21.26,730600,21.26
2014-02-19,21.27,22.309999,21.27,22.26,154100,22.26
2014-02-18,22.02,22.17,21.690001,21.91,186400,21.91
2014-02-14,21.92,22.290001,21.66,21.969999,206500,21.969999
2014-02-13,21.66,22.00,21.49,21.889999,165700,21.889999
2014-02-12,21.440001,21.90,21.370001,21.780001,124900,21.780001
2014-02-11,21.280001,21.610001,21.030001,21.370001,88800,21.370001
2014-02-10,21.290001,21.35,20.860001,21.309999,178900,21.309999
2014-02-07,21.15,21.370001,21.059999,21.299999,291100,21.299999
2014-02-06,20.790001,21.40,20.50,21.040001,288400,21.040001
2014-02-05,19.40,19.870001,19.40,19.620001,85300,19.620001
2014-02-04,19.52,19.68,19.299999,19.459999,157100,19.459999
2014-02-03,19.799999,19.93,19.26,19.48,202800,19.48
2014-01-31,19.469999,19.98,19.09,19.98,169200,19.98
2014-01-30,19.940001,20.00,19.49,19.549999,124600,19.549999
2014-01-29,20.459999,20.52,19.57,19.73,263300,19.73
2014-01-28,20.40,20.73,20.25,20.48,115000,20.48
2014-01-27,21.10,21.290001,20.27,20.40,186600,20.40
2014-01-24,21.42,21.42,20.950001,21.16,137300,21.16
2014-01-23,21.620001,21.82,21.10,21.50,70100,21.50
2014-01-22,21.709999,21.879999,21.139999,21.66,103600,21.66
2014-01-21,21.84,21.98,21.66,21.73,250500,21.73
2014-01-17,21.91,22.07,21.68,21.77,51300,21.77
2014-01-16,21.860001,22.00,21.799999,21.99,364100,21.99
2014-01-15,21.799999,22.16,21.799999,21.91,127700,21.91
2014-01-14,22.02,22.280001,21.790001,21.93,388400,21.93
2014-01-13,21.91,22.129999,21.709999,21.90,88100,21.90
2014-01-10,22.09,22.10,21.82,21.99,244000,21.99
2014-01-09,22.129999,22.290001,21.68,22.110001,294800,22.110001
2014-01-08,22.26,22.40,21.540001,22.049999,244600,22.049999
2014-01-07,21.959999,22.389999,21.84,22.35,209100,22.35
2014-01-06,22.42,22.42,21.780001,22.00,180300,22.00
2014-01-03,22.50,22.50,21.73,22.42,258300,22.42
2014-01-02,22.49,22.77,22.030001,22.65,174200,22.65
2013-12-31,22.10,22.549999,21.92,22.540001,268500,22.540001
2013-12-30,21.82,22.379999,21.82,22.16,67400,22.16
2013-12-27,21.90,22.10,21.440001,21.84,45100,21.84
2013-12-26,21.940001,22.07,21.83,21.91,32900,21.91
2013-12-24,22.139999,22.139999,21.82,22.030001,14000,22.030001
2013-12-23,21.92,22.200001,21.48,21.75,89100,21.75
2013-12-20,22.00,22.10,21.82,21.84,163200,21.84
2013-12-19,22.10,22.35,21.93,22.07,111000,22.07
2013-12-18,21.950001,22.209999,21.58,22.200001,229400,22.200001
2013-12-17,21.49,22.049999,21.200001,21.950001,337300,21.950001
2013-12-16,21.450001,21.74,21.059999,21.42,168200,21.42
2013-12-13,21.469999,21.860001,21.459999,21.57,47400,21.57
2013-12-12,21.84,21.940001,21.450001,21.469999,75600,21.469999
2013-12-11,21.68,22.040001,21.450001,21.90,130400,21.90
2013-12-10,21.59,22.17,21.51,21.58,97700,21.58
2013-12-09,21.58,22.059999,21.51,21.66,100600,21.66
2013-12-06,21.719999,22.00,21.41,21.59,71400,21.59
2013-12-05,21.639999,21.799999,21.360001,21.540001,83900,21.540001
2013-12-04,21.42,22.00,21.24,21.540001,188800,21.540001
2013-12-03,21.389999,21.65,21.219999,21.469999,105900,21.469999
2013-12-02,21.610001,22.00,21.389999,21.450001,104200,21.450001
2013-11-29,21.620001,21.75,21.48,21.629999,48100,21.629999
2013-11-27,21.17,21.75,21.030001,21.65,110800,21.65
2013-11-26,20.870001,21.290001,20.700001,21.07,136700,21.07
2013-11-25,21.40,21.43,20.870001,20.91,114400,20.91
2013-11-22,20.41,21.35,20.389999,21.32,256900,21.32
2013-11-21,20.129999,20.59,19.92,20.360001,131000,20.360001
2013-11-20,20.10,20.35,19.870001,20.129999,64300,20.129999
2013-11-19,20.33,20.66,20.00,20.08,81400,20.08
2013-11-18,20.389999,20.559999,20.02,20.33,125900,20.33
2013-11-15,20.049999,20.450001,20.049999,20.299999,116200,20.299999
2013-11-14,19.809999,20.10,19.68,20.00,97700,20.00
2013-11-13,19.040001,19.959999,19.040001,19.84,107600,19.84
2013-11-12,19.02,19.219999,18.77,19.049999,171400,19.049999
2013-11-11,18.969999,19.16,18.65,19.01,216600,19.01
2013-11-08,19.129999,19.290001,18.85,19.01,346600,19.01
2013-11-07,19.50,19.65,18.799999,19.09,172500,19.09
2013-11-06,19.709999,20.08,19.469999,19.50,193200,19.50
2013-11-05,19.610001,19.809999,19.219999,19.629999,323100,19.629999
2013-11-04,20.35,20.35,19.57,19.85,524100,19.85
2013-11-01,20.190001,20.700001,20.139999,20.450001,156000,20.450001
2013-10-31,20.65,21.07,18.85,20.389999,1063300,20.389999
2013-10-30,21.040001,21.209999,20.450001,20.60,478900,20.60
2013-10-29,21.879999,21.879999,20.860001,20.959999,224700,20.959999
2013-10-28,22.42,22.530001,21.74,21.780001,156000,21.780001
2013-10-25,22.559999,22.860001,22.18,22.49,111700,22.49
2013-10-24,22.959999,23.299999,22.290001,22.559999,101900,22.559999
2013-10-23,22.68,23.08,22.559999,22.969999,276500,22.969999
2013-10-22,22.360001,22.90,22.209999,22.700001,237800,22.700001
2013-10-21,22.49,22.940001,22.09,22.219999,122000,22.219999
2013-10-18,22.120001,23.02,22.030001,22.43,116400,22.43
2013-10-17,21.629999,22.24,21.530001,22.02,260000,22.02
2013-10-16,21.530001,21.780001,21.27,21.639999,169900,21.639999
2013-10-15,21.549999,21.93,21.33,21.469999,138400,21.469999
2013-10-14,22.09,22.379999,21.59,21.60,217900,21.60
2013-10-11,22.15,22.200001,21.700001,22.15,279900,22.15
2013-10-10,22.469999,22.469999,21.690001,22.219999,217600,22.219999
2013-10-09,22.950001,23.00,22.110001,22.209999,263900,22.209999
2013-10-08,23.40,23.66,22.809999,22.950001,94500,22.950001
2013-10-07,23.790001,23.969999,23.200001,23.459999,147400,23.459999
2013-10-04,23.969999,24.059999,23.639999,23.98,203400,23.98
2013-10-03,23.99,24.209999,23.74,24.02,199800,24.02
2013-10-02,24.25,24.25,23.860001,24.049999,108100,24.049999
2013-10-01,24.190001,24.83,23.59,24.290001,149500,24.290001
2013-09-30,24.24,24.24,23.370001,24.00,519200,24.00
2013-09-27,23.66,24.959999,23.370001,24.33,444700,24.33
2013-09-26,24.23,24.33,23.639999,23.700001,223700,23.700001
2013-09-25,23.93,24.93,23.790001,24.25,211100,24.25
2013-09-24,24.58,24.60,23.75,23.85,269100,23.85
2013-09-23,24.27,25.040001,23.950001,24.75,112000,24.75
2013-09-20,24.969999,25.059999,24.030001,24.42,1186000,24.42
2013-09-19,25.139999,25.25,24.59,24.860001,335200,24.860001
2013-09-18,24.690001,25.83,24.65,25.15,317300,25.15
2013-09-17,24.42,25.049999,23.93,24.719999,179500,24.719999
2013-09-16,23.709999,24.34,23.52,24.309999,207300,24.309999
2013-09-13,23.35,23.58,22.92,23.50,256100,23.50
2013-09-12,22.950001,23.450001,22.620001,23.27,183800,23.27
2013-09-11,23.15,23.59,22.860001,22.90,109800,22.90
2013-09-10,23.09,23.43,22.639999,23.200001,270900,23.200001
2013-09-09,22.969999,23.67,22.85,23.059999,329800,23.059999
2013-09-06,23.02,23.299999,22.76,22.870001,36100,22.870001
2013-09-05,23.00,23.450001,22.82,23.00,75500,23.00
2013-09-04,23.049999,23.85,22.91,23.01,239000,23.01
2013-09-03,22.969999,23.530001,22.559999,23.190001,214300,23.190001
2013-08-30,22.65,23.17,22.65,22.83,94700,22.83
2013-08-29,23.34,23.40,22.59,22.629999,102000,22.629999
2013-08-28,23.389999,23.66,22.799999,22.959999,151400,22.959999
2013-08-27,23.52,24.26,23.02,23.280001,195400,23.280001
2013-08-26,23.66,24.27,23.379999,23.709999,78800,23.709999
2013-08-23,24.030001,24.59,23.52,23.540001,87900,23.540001
2013-08-22,24.290001,24.50,23.74,23.93,198100,23.93
2013-08-21,23.889999,24.309999,23.219999,24.299999,178000,24.299999
2013-08-20,22.780001,23.950001,22.780001,23.879999,132400,23.879999
2013-08-19,23.870001,24.049999,22.629999,22.68,175700,22.68
2013-08-16,23.75,24.18,22.940001,23.49,156000,23.49
2013-08-15,24.200001,24.629999,23.58,23.709999,104300,23.709999
2013-08-14,24.60,25.00,23.790001,24.16,299400,24.16
2013-08-13,24.41,24.84,24.41,24.66,89500,24.66
2013-08-12,24.09,24.790001,23.99,24.50,206200,24.50
2013-08-09,23.75,24.450001,23.67,24.09,94500,24.09
2013-08-08,24.00,24.00,23.68,23.780001,47800,23.780001
2013-08-07,23.530001,24.040001,23.50,23.860001,176300,23.860001
2013-08-06,24.10,24.209999,23.280001,23.469999,193200,23.469999
2013-08-05,23.959999,25.049999,23.68,24.27,290900,24.27
2013-08-02,22.58,24.870001,22.58,24.09,457600,24.09
2013-08-01,21.48,22.879999,21.33,22.50,744200,22.50
2013-07-31,21.52,22.120001,21.27,21.440001,266000,21.440001
2013-07-30,21.43,21.790001,21.17,21.59,90000,21.59
2013-07-29,21.59,21.73,21.16,21.379999,22200,21.379999
2013-07-26,21.209999,22.09,21.129999,21.68,92800,21.68
2013-07-25,21.98,22.09,21.24,21.299999,124800,21.299999
2013-07-24,22.32,22.75,21.51,21.969999,118300,21.969999
2013-07-23,22.559999,22.85,22.16,22.17,156400,22.17
2013-07-22,22.73,22.98,22.40,22.57,136300,22.57
2013-07-19,21.969999,23.370001,21.68,22.73,818400,22.73
2013-07-18,21.42,21.940001,21.309999,21.85,639000,21.85
2013-07-17,20.90,21.84,20.08,21.48,465200,21.48
2013-07-16,21.51,21.85,20.790001,21.17,475800,21.17
2013-07-15,21.719999,21.92,20.40,21.440001,949600,21.440001
2013-07-12,21.559999,21.969999,21.33,21.780001,160100,21.780001
2013-07-11,21.90,22.07,21.280001,21.610001,254000,21.610001
2013-07-10,21.75,22.120001,21.34,21.690001,152900,21.690001
2013-07-09,21.02,21.790001,20.83,21.700001,508300,21.700001
2013-07-08,20.959999,21.309999,20.85,20.90,131200,20.90
2013-07-05,20.309999,20.93,20.190001,20.84,84800,20.84
2013-07-03,19.92,20.33,19.92,20.16,24700,20.16
2013-07-02,19.90,20.139999,19.83,20.110001,138600,20.110001
2013-07-01,20.129999,20.370001,19.67,19.85,270400,19.85
2013-06-28,20.15,20.23,19.700001,20.00,1232800,20.00
2013-06-27,20.42,20.620001,19.92,20.01,315000,20.01
2013-06-26,20.629999,20.85,20.280001,20.34,366600,20.34
2013-06-25,20.639999,20.639999,19.940001,20.40,183500,20.40
2013-06-24,20.09,20.66,19.90,20.360001,239200,20.360001
2013-06-21,20.530001,20.65,20.129999,20.299999,437700,20.299999
2013-06-20,20.85,21.24,19.84,20.58,342300,20.58
2013-06-19,20.950001,21.129999,20.82,21.08,179800,21.08
2013-06-18,21.10,21.450001,20.65,21.059999,179700,21.059999
2013-06-17,21.889999,22.049999,20.66,21.02,135300,21.02
2013-06-14,21.07,21.32,21.00,21.030001,182500,21.030001
2013-06-13,20.85,21.25,20.26,21.00,552500,21.00
2013-06-12,22.219999,22.459999,20.93,21.00,266300,21.00
2013-06-11,22.16,22.299999,21.60,21.940001,136300,21.940001
2013-06-10,22.959999,23.200001,21.959999,22.34,136500,22.34
2013-06-07,23.559999,23.82,22.77,22.969999,124200,22.969999
2013-06-06,22.889999,23.379999,22.690001,23.34,163500,23.34
2013-06-05,22.67,23.10,21.620001,22.93,712000,22.93
2013-06-04,23.129999,23.299999,22.18,22.620001,238300,22.620001
2013-06-03,24.209999,24.209999,22.59,23.25,828100,23.25
2013-05-31,24.469999,25.120001,24.190001,24.370001,117800,24.370001
2013-05-30,24.26,25.26,24.24,24.559999,485200,24.559999
2013-05-29,23.83,24.33,23.549999,24.27,499900,24.27
2013-05-28,24.799999,25.07,24.040001,24.190001,392200,24.190001
2013-05-24,24.379999,26.799999,24.10,24.41,368800,24.41
2013-05-23,24.33,25.23,22.42,24.40,693500,24.40
2013-05-22,24.719999,25.85,23.809999,24.84,1991800,24.84
2013-05-21,23.40,24.790001,23.209999,24.42,898100,24.42
2013-05-20,23.15,23.99,22.09,23.27,462600,23.27
2013-05-17,23.41,23.82,22.299999,23.040001,601400,23.040001
2013-05-16,23.709999,24.110001,23.00,23.459999,303500,23.459999
2013-05-15,23.200001,24.00,23.00,23.49,286600,23.49
2013-05-14,22.00,23.969999,21.98,23.290001,535600,23.290001
2013-05-13,20.379999,22.00,20.290001,21.84,689400,21.84
2013-05-10,19.26,20.75,19.049999,20.66,882200,20.66
2013-05-09,19.10,19.799999,19.10,19.49,165100,19.49
2013-05-08,19.799999,20.219999,19.10,19.540001,667000,19.540001
2013-05-07,19.629999,20.25,19.549999,20.01,436100,20.01
2013-05-06,19.52,19.860001,19.50,19.690001,225900,19.690001
2013-05-03,20.00,20.25,19.60,19.75,989700,19.75
2013-05-02,20.00,20.280001,19.60,20.200001,618700,20.200001
2013-05-01,20.00,20.209999,19.90,20.00,92900,20.00
2013-04-30,20.01,20.25,20.00,20.15,103100,20.15
2013-04-29,20.35,20.530001,19.90,20.18,448600,20.18
2013-04-26,20.99,20.99,20.360001,20.440001,445900,20.440001
2013-04-25,20.33,20.75,20.200001,20.719999,481600,20.719999
2013-04-24,20.77,21.09,19.610001,20.360001,521600,20.360001
2013-04-23,20.25,20.860001,20.059999,20.60,711200,20.60
2013-04-22,20.90,21.85,19.620001,20.059999,488100,20.059999
2013-04-19,19.25,20.92,18.98,20.25,1971100,20.25
2013-04-18,17.00,20.00,16.90,19.25,8931200,19.25
