Date,Open,High,Low,Close,Volume,Adj Close
2016-04-19,13.70,15.21,13.70,14.78,754700,14.78
2016-04-18,12.89,13.91,12.80,13.74,326900,13.74
2016-04-15,12.85,13.30,12.61,13.16,199100,13.16
2016-04-14,12.94,12.99,12.54,12.95,207300,12.95
2016-04-13,12.84,13.22,12.67,12.93,214900,12.93
2016-04-12,12.11,12.85,12.03,12.82,198000,12.82
2016-04-11,12.09,12.44,11.92,12.22,203800,12.22
2016-04-08,11.66,12.12,11.61,11.89,171600,11.89
2016-04-07,11.64,11.90,11.35,11.50,192800,11.50
2016-04-06,11.60,11.72,11.33,11.65,193700,11.65
2016-04-05,11.11,11.66,11.00,11.49,160500,11.49
2016-04-04,11.37,11.59,11.05,11.08,223900,11.08
2016-04-01,11.52,11.65,11.07,11.19,328700,11.19
2016-03-31,12.13,12.18,11.42,11.65,223500,11.65
2016-03-30,12.00,12.25,11.85,12.11,178300,12.11
2016-03-29,11.37,11.91,11.20,11.85,153200,11.85
2016-03-28,11.96,12.00,11.43,11.46,167100,11.46
2016-03-24,11.27,11.76,11.02,11.75,152900,11.75
2016-03-23,12.30,12.40,11.35,11.43,265100,11.43
2016-03-22,12.10,12.52,11.98,12.45,144000,12.45
2016-03-21,12.85,12.92,12.00,12.28,359200,12.28
2016-03-18,12.61,12.94,12.30,12.88,331900,12.88
2016-03-17,12.86,13.00,12.44,12.47,258400,12.47
2016-03-16,12.05,12.83,12.05,12.64,223800,12.64
2016-03-15,12.50,12.57,12.03,12.28,200500,12.28
2016-03-14,12.43,12.97,12.15,12.79,194400,12.79
2016-03-11,12.73,13.07,12.58,12.68,182000,12.68
2016-03-10,12.60,12.82,12.17,12.79,179800,12.79
2016-03-09,12.90,13.16,12.43,12.60,168200,12.60
2016-03-08,13.21,13.28,12.30,12.88,455300,12.88
2016-03-07,12.58,13.39,12.00,13.29,498400,13.29
2016-03-04,12.22,12.80,11.91,12.46,403300,12.46
2016-03-03,11.00,12.06,11.00,11.95,446600,11.95
2016-03-02,10.93,11.25,10.25,11.06,457800,11.06
2016-03-01,10.66,11.18,10.46,11.04,410800,11.04
2016-02-29,10.20,10.60,10.17,10.50,345200,10.50
2016-02-26,10.20,10.45,10.15,10.22,247500,10.22
2016-02-25,10.37,10.59,10.05,10.17,338500,10.17
2016-02-24,10.35,10.64,9.95,10.52,391000,10.52
2016-02-23,10.77,10.90,10.41,10.54,299800,10.54
2016-02-22,10.82,11.20,10.71,10.95,415600,10.95
2016-02-19,10.70,10.85,10.20,10.58,342000,10.58
2016-02-18,11.74,11.78,10.55,10.85,398500,10.85
2016-02-17,11.97,12.16,11.28,11.47,441200,11.47
2016-02-16,11.25,11.76,11.10,11.60,469800,11.60
2016-02-12,10.83,11.40,10.39,10.81,536900,10.81
2016-02-11,11.12,11.57,10.12,10.31,766000,10.31
2016-02-10,12.59,13.02,11.05,11.13,626000,11.13
2016-02-09,12.68,12.86,11.97,12.02,463200,12.02
2016-02-08,13.31,13.31,12.02,12.38,368700,12.38
2016-02-05,13.87,14.22,13.19,13.37,311900,13.37
2016-02-04,13.75,14.24,13.61,14.03,384600,14.03
2016-02-03,13.74,13.78,12.35,13.72,396600,13.72
2016-02-02,13.99,14.50,13.38,14.04,1004700,13.365
2016-02-01,14.50,14.50,13.64,14.10,422300,13.422116
2016-01-29,13.96,14.75,13.80,14.16,697600,13.479231
2016-01-28,13.56,14.18,13.52,13.94,640200,13.269807
2016-01-27,13.54,14.00,13.05,13.11,779400,12.479711
2016-01-26,11.99,14.05,11.87,13.73,880700,13.069903
2016-01-25,12.47,12.96,11.38,11.47,502800,10.918558
2016-01-22,11.02,12.45,11.02,12.38,618600,11.784808
2016-01-21,10.75,11.67,10.67,10.83,404800,10.309327
2016-01-20,10.52,10.88,10.02,10.75,432100,10.233173
2016-01-19,12.01,12.01,10.54,10.85,607100,10.328366
2016-01-15,12.11,12.40,11.61,12.03,534700,11.451634
2016-01-14,12.30,12.75,12.11,12.46,388700,11.860962
2016-01-13,12.47,12.81,12.30,12.35,326600,11.75625
2016-01-12,13.32,13.44,12.24,12.31,550500,11.718173
2016-01-11,13.80,13.84,13.00,13.30,363900,12.660577
2016-01-08,13.13,13.63,12.91,13.27,284100,12.63202
2016-01-07,13.08,13.13,12.66,13.01,248200,12.384519
2016-01-06,13.44,13.65,13.12,13.12,241300,12.489231
2016-01-05,14.00,14.38,13.54,13.60,286600,12.946154
2016-01-04,13.56,14.04,13.36,13.92,314000,13.250769
2015-12-31,13.30,13.69,13.25,13.49,481600,12.841442
2015-12-30,13.25,13.83,13.25,13.47,449400,12.822404
2015-12-29,14.08,14.28,13.13,13.37,460700,12.727211
2015-12-28,13.88,14.29,13.76,13.98,352300,13.307884
2015-12-24,14.34,14.49,13.95,14.01,169200,13.336442
2015-12-23,13.63,14.38,13.50,14.26,623200,13.574423
2015-12-22,12.47,13.50,12.33,13.48,451400,12.831923
2015-12-21,12.20,12.90,12.00,12.58,388700,11.975192
2015-12-18,12.40,13.03,12.15,12.25,959800,11.661058
2015-12-17,12.76,13.30,11.93,12.31,831300,11.718173
2015-12-16,13.00,13.46,13.00,13.32,501100,12.679615
2015-12-15,13.16,13.38,12.86,12.98,482700,12.355961
2015-12-14,13.63,13.78,12.87,13.18,461800,12.546346
2015-12-11,14.45,14.51,13.58,13.73,509800,13.069903
2015-12-10,14.85,15.48,14.58,14.60,276100,13.898077
2015-12-09,15.00,15.61,14.42,14.82,449700,14.1075
2015-12-08,14.38,15.52,14.01,15.04,518200,14.316923
2015-12-07,16.049999,16.15,14.77,14.86,815500,14.145577
2015-12-04,16.33,16.76,16.16,16.290001,332200,15.506828
2015-12-03,16.85,17.08,16.309999,16.370001,308300,15.582981
2015-12-02,17.049999,17.370001,16.860001,16.90,240000,16.0875
2015-12-01,17.00,17.27,16.860001,17.139999,306200,16.315961
2015-11-30,17.700001,17.99,16.98,17.15,300700,16.32548
2015-11-27,17.50,18.01,17.50,17.93,61900,17.067981
2015-11-25,17.42,17.700001,17.18,17.59,217400,16.744327
2015-11-24,17.440001,18.01,17.18,17.42,205000,16.5825
2015-11-23,18.10,18.18,17.42,17.49,319900,16.649134
2015-11-20,18.299999,18.35,17.66,18.00,311500,17.134615
2015-11-19,19.360001,19.57,18.219999,18.26,247200,17.382116
2015-11-18,19.49,19.75,19.35,19.469999,175500,18.533942
2015-11-17,19.49,19.709999,19.01,19.280001,250000,18.353077
2015-11-16,18.99,19.549999,18.90,19.48,233200,18.543461
2015-11-13,18.290001,19.01,17.950001,18.90,263900,17.991346
2015-11-12,17.98,18.43,17.540001,18.120001,266100,17.248847
2015-11-11,19.389999,19.389999,18.07,18.120001,887000,17.248847
2015-11-10,19.59,20.120001,19.32,19.42,423000,18.486346
2015-11-09,20.719999,20.719999,19.639999,19.82,450000,18.867115
2015-11-06,21.26,21.540001,20.690001,20.77,192300,19.771443
2015-11-05,21.40,21.65,21.10,21.48,154500,20.447307
2015-11-04,20.99,21.75,20.99,21.40,352700,20.371153
2015-11-03,21.60,21.82,21.40,21.66,258500,19.976106
2015-11-02,21.23,21.68,21.09,21.530001,297000,19.856213
2015-10-30,21.299999,21.60,21.01,21.440001,231900,19.77321
2015-10-29,20.76,21.450001,20.67,21.27,273800,19.616426
2015-10-28,20.52,21.16,20.52,20.84,243200,19.219855
2015-10-27,21.07,21.59,20.51,20.57,539200,18.970845
2015-10-26,21.959999,22.48,21.549999,21.75,394700,20.059109
2015-10-23,21.99,22.10,21.549999,22.030001,259600,20.317342
2015-10-22,22.200001,22.309999,21.77,21.85,244200,20.151335
2015-10-21,22.27,22.440001,22.01,22.09,225500,20.372677
2015-10-20,22.00,22.530001,22.00,22.32,142700,20.584796
2015-10-19,22.50,22.65,22.01,22.120001,188500,20.400346
2015-10-16,22.700001,22.940001,22.299999,22.40,206700,20.658577
2015-10-15,22.77,22.85,22.50,22.73,188900,20.962922
2015-10-14,23.02,23.440001,22.530001,22.90,260700,21.119706
2015-10-13,23.139999,23.52,23.02,23.15,216400,21.35027
2015-10-12,23.65,24.049999,23.120001,23.16,214700,21.359493
2015-10-09,24.280001,24.280001,23.540001,23.620001,184800,21.783732
2015-10-08,23.90,24.370001,23.84,24.110001,172700,22.235639
2015-10-07,23.50,24.07,23.450001,23.90,268200,22.041963
2015-10-06,22.799999,23.67,22.59,23.379999,267400,21.562389
2015-10-05,21.940001,22.83,21.76,22.68,358500,20.916809
2015-10-02,21.200001,21.959999,21.08,21.860001,277200,20.160558
2015-10-01,22.26,22.50,21.42,21.530001,495600,19.856213
2015-09-30,22.120001,22.68,21.85,22.26,468100,20.529461
2015-09-29,23.52,23.639999,21.940001,21.99,610800,20.280451
2015-09-28,23.540001,23.799999,23.040001,23.32,313500,21.507054
2015-09-25,23.90,24.10,23.26,23.60,250100,21.765287
2015-09-24,24.02,24.43,23.65,23.870001,303500,22.014297
2015-09-23,24.549999,24.610001,23.870001,24.049999,263300,22.180302
2015-09-22,25.09,25.09,24.450001,24.58,263100,22.669099
2015-09-21,24.940001,25.360001,24.74,25.16,191500,23.204009
2015-09-18,24.889999,25.030001,24.41,24.860001,412700,22.927332
2015-09-17,24.719999,25.10,24.40,24.719999,139200,22.798215
2015-09-16,24.639999,24.950001,24.43,24.77,138700,22.844329
2015-09-15,24.540001,24.92,24.379999,24.67,195500,22.752102
2015-09-14,24.450001,24.67,24.24,24.639999,167900,22.724434
2015-09-11,24.75,24.940001,24.469999,24.58,243300,22.669099
2015-09-10,25.08,25.10,24.34,24.860001,176000,22.927332
2015-09-09,25.209999,25.360001,24.57,24.870001,129100,22.936555
2015-09-08,25.42,25.49,24.60,25.07,122200,23.121005
2015-09-04,24.66,25.27,24.610001,25.129999,114300,23.17634
2015-09-03,24.76,25.50,24.700001,25.049999,144200,23.10256
2015-09-02,25.610001,26.18,24.50,24.889999,361800,22.954999
2015-09-01,25.389999,25.719999,25.040001,25.35,209300,23.379238
2015-08-31,25.32,25.809999,25.00,25.58,201500,23.591357
2015-08-28,24.68,25.959999,24.65,25.32,471300,23.35157
2015-08-27,24.469999,25.459999,24.10,24.639999,436800,22.724434
2015-08-26,24.52,24.530001,23.75,24.41,129800,22.512315
2015-08-25,24.120001,24.639999,23.65,24.02,163000,22.152635
2015-08-24,24.10,24.92,19.950001,23.459999,567000,21.636169
2015-08-21,24.780001,24.969999,24.51,24.620001,205700,22.70599
2015-08-20,24.50,25.08,24.43,24.85,225600,22.918109
2015-08-19,24.559999,24.90,24.370001,24.59,141700,22.678322
2015-08-18,24.549999,24.75,24.309999,24.68,107000,22.761325
2015-08-17,25.00,25.110001,24.549999,24.59,278900,22.678322
2015-08-14,24.99,24.99,24.25,24.809999,324800,22.881218
2015-08-13,24.42,24.60,24.030001,24.549999,181500,22.641431
2015-08-12,24.129999,24.83,23.940001,24.469999,201800,22.56765
2015-08-11,24.02,24.549999,23.440001,24.27,289600,22.3832
2015-08-10,23.379999,24.280001,23.120001,24.01,351000,22.143412
2015-08-07,23.82,24.059999,23.34,23.530001,319000,21.700729
2015-08-06,23.10,23.99,22.85,23.65,408200,21.811399
2015-08-05,23.690001,24.10,23.34,23.52,563200,21.691506
2015-08-04,24.32,24.459999,23.549999,24.25,899900,21.742229
2015-08-03,24.620001,24.99,24.030001,24.43,492600,21.903615
2015-07-31,25.00,25.190001,24.559999,24.620001,249000,22.073967
2015-07-30,25.25,25.379999,24.540001,25.040001,335200,22.450534
2015-07-29,24.10,25.24,23.82,25.24,890600,22.62985
2015-07-28,23.209999,24.309999,23.209999,24.10,683800,21.607742
2015-07-27,23.219999,23.530001,23.00,23.209999,278700,20.809778
2015-07-24,23.110001,23.290001,22.76,23.219999,210300,20.818744
2015-07-23,23.59,23.700001,23.049999,23.33,215900,20.917369
2015-07-22,23.549999,23.700001,23.16,23.639999,256500,21.195311
2015-07-21,24.00,24.110001,23.610001,23.860001,252300,21.392561
2015-07-20,24.190001,24.27,23.549999,24.110001,426400,21.616708
2015-07-17,24.690001,24.870001,23.92,24.40,478800,21.876717
2015-07-16,24.75,24.950001,24.50,24.91,267500,22.333976
2015-07-15,24.860001,25.07,24.59,24.780001,268700,22.217421
2015-07-14,25.200001,25.200001,24.66,24.860001,276500,22.289148
2015-07-13,24.559999,25.23,24.440001,24.969999,310200,22.387771
2015-07-10,24.48,24.83,24.299999,24.690001,327300,22.136728
2015-07-09,24.58,25.030001,24.459999,24.559999,276100,22.020171
2015-07-08,24.549999,24.75,24.299999,24.58,193000,22.038103
2015-07-07,25.07,25.07,24.01,24.700001,343400,22.145694
2015-07-06,24.799999,25.23,24.57,25.02,309300,22.432602
2015-07-02,25.389999,25.389999,24.299999,24.85,366100,22.280182
2015-07-01,25.27,25.27,24.40,25.02,348300,22.432602
2015-06-30,25.10,25.25,24.709999,24.959999,599700,22.378805
2015-06-29,24.299999,24.879999,24.219999,24.639999,397800,22.091898
2015-06-26,24.09,24.700001,23.67,24.379999,406400,21.858785
2015-06-25,24.969999,25.219999,24.10,24.27,626900,21.760161
2015-06-24,24.73,25.02,24.73,24.91,155400,22.333976
2015-06-23,24.959999,25.08,24.08,24.809999,443000,22.244317
2015-06-22,24.959999,25.42,24.76,24.799999,382200,22.235351
2015-06-19,25.26,25.68,24.75,25.059999,656900,22.468464
2015-06-18,25.75,26.040001,25.450001,25.59,242600,22.943656
2015-06-17,26.40,26.66,25.370001,25.889999,338400,23.212631
2015-06-16,25.959999,26.83,25.870001,26.26,302900,23.544369
2015-06-15,26.299999,26.780001,25.870001,26.26,271000,23.544369
2015-06-12,26.629999,27.120001,26.370001,26.440001,264200,23.705755
2015-06-11,27.120001,27.459999,26.25,27.01,688100,24.216809
2015-06-10,28.120001,28.389999,26.51,27.120001,609100,24.315434
2015-06-09,28.790001,29.07,28.01,28.209999,175000,25.292712
2015-06-08,29.10,29.91,28.67,28.799999,237300,25.821698
2015-06-05,29.549999,29.549999,28.90,29.41,218100,26.368617
2015-06-04,30.110001,30.110001,29.08,29.41,180600,26.368617
2015-06-03,30.60,30.90,30.00,30.16,187100,27.041057
2015-06-02,30.309999,30.68,30.07,30.52,222500,27.363829
2015-06-01,29.83,30.610001,29.780001,30.32,198500,27.184511
2015-05-29,29.65,30.32,29.07,29.99,222300,26.888637
2015-05-28,29.450001,29.84,29.26,29.74,198200,26.664491
2015-05-27,29.48,30.00,29.209999,29.43,276400,26.386549
2015-05-26,30.459999,30.60,28.85,29.35,467200,26.314822
2015-05-22,31.15,31.360001,30.65,30.68,212800,27.507283
2015-05-21,31.50,32.040001,31.040001,31.15,152100,27.928678
2015-05-20,31.879999,32.220001,31.16,31.42,137700,28.170757
2015-05-19,32.200001,32.52,31.91,31.969999,218600,28.663879
2015-05-18,32.650002,32.650002,31.870001,32.299999,167600,28.959752
2015-05-15,32.700001,32.709999,31.91,32.619999,140900,29.24666
2015-05-14,32.00,32.50,31.799999,32.18,155900,28.852163
2015-05-13,31.879999,32.209999,31.67,31.84,186200,28.547323
2015-05-12,31.950001,32.759998,31.68,31.82,174700,28.529391
2015-05-11,31.40,32.119999,31.25,31.84,184100,28.547323
2015-05-08,31.870001,32.27,31.15,31.370001,323900,28.125928
2015-05-07,32.34,32.48,31.43,31.700001,315800,28.421801
2015-05-06,33.259998,33.59,32.009998,32.599998,234700,29.228728
2015-05-05,34.419998,34.689999,33.799999,33.810001,196600,29.719163
2015-05-04,34.349998,34.669998,33.84,34.240002,266800,30.097135
2015-05-01,34.400002,34.68,33.779999,34.200001,375500,30.061974
2015-04-30,34.59,34.700001,33.450001,34.470001,403100,30.299306
2015-04-29,32.98,34.560001,32.950001,34.279999,253700,30.132293
2015-04-28,32.84,33.380001,32.689999,33.009998,255300,29.015956
2015-04-27,32.75,33.099998,32.50,32.869999,184400,28.892896
2015-04-24,32.799999,33.48,32.25,32.470001,341500,28.541296
2015-04-23,32.900002,33.389999,32.560001,32.970001,223300,28.980798
2015-04-22,32.470001,33.029999,32.470001,32.700001,169500,28.743467
2015-04-21,33.310001,33.470001,32.380001,32.450001,165800,28.523715
2015-04-20,32.799999,33.470001,32.509998,33.130001,203200,29.121439
2015-04-17,33.240002,33.52,32.470001,32.75,324000,28.787416
2015-04-16,33.560001,34.119999,32.810001,33.509998,210500,29.455459
2015-04-15,32.209999,33.490002,32.209999,33.34,267600,29.306029
2015-04-14,33.130001,33.130001,32.16,32.360001,223200,28.444605
2015-04-13,33.68,33.68,32.900002,32.98,182000,28.989587
2015-04-10,32.93,33.82,32.66,33.75,229700,29.666421
2015-04-09,32.439999,33.080002,32.200001,33.009998,128600,29.015956
2015-04-08,33.299999,33.41,31.92,32.540001,171600,28.602826
2015-04-07,33.630001,34.389999,33.029999,33.110001,278400,29.103859
2015-04-06,33.009998,33.75,32.860001,33.540001,244300,29.481831
2015-04-02,32.75,33.349998,32.439999,33.02,219100,29.024748
2015-04-01,33.459999,33.689999,32.610001,32.990002,212900,28.998379
2015-03-31,33.470001,33.740002,33.00,33.43,361300,29.38514
2015-03-30,32.00,33.650002,31.129999,33.529999,357900,29.473039
2015-03-27,32.77,32.77,31.780001,32.040001,298500,28.163323
2015-03-26,33.400002,33.400002,32.66,32.860001,211600,28.884107
2015-03-25,33.450001,33.68,33.009998,33.259998,169200,29.235707
2015-03-24,33.970001,34.029999,33.110001,33.66,192300,29.587311
2015-03-23,34.18,34.639999,33.639999,33.990002,315300,29.877384
2015-03-20,34.50,34.689999,34.099998,34.18,542400,30.044394
2015-03-19,35.41,35.41,34.450001,34.669998,232100,30.475104
2015-03-18,34.740002,36.279999,34.720001,35.580002,213800,31.275002
2015-03-17,34.189999,35.580002,34.060001,35.189999,177100,30.932187
2015-03-16,34.75,35.189999,34.259998,34.669998,254800,30.475104
2015-03-13,36.049999,36.240002,34.599998,35.27,352800,31.002509
2015-03-12,35.669998,37.75,35.619999,36.040001,171300,31.679344
2015-03-11,35.259998,35.970001,35.119999,35.639999,192200,31.32774
2015-03-10,35.279999,36.25,35.099998,35.400002,225300,31.116781
2015-03-09,37.400002,37.490002,35.360001,35.689999,351900,31.37169
2015-03-06,37.310001,38.360001,37.150002,37.220001,187900,32.71657
2015-03-05,37.50,37.810001,36.810001,37.689999,268200,33.1297
2015-03-04,38.720001,38.740002,37.299999,37.50,309500,32.96269
2015-03-03,38.50,39.619999,38.470001,38.759998,172500,34.070235
2015-03-02,39.369999,39.419998,38.459999,38.490002,222100,33.832907
2015-02-27,39.09,39.880001,39.049999,39.549999,205000,34.76465
2015-02-26,39.049999,40.029999,38.73,39.25,184100,34.500949
2015-02-25,39.990002,40.040001,38.900002,39.049999,168400,34.325147
2015-02-24,39.02,40.07,38.84,40.00,98800,35.160203
2015-02-23,40.110001,40.119999,38.919998,39.02,364600,34.298778
2015-02-20,40.57,40.68,39.77,40.41,169200,35.520595
2015-02-19,39.119999,40.450001,38.799999,40.349998,134000,35.467853
2015-02-18,38.68,39.310001,38.439999,39.200001,95700,34.457
2015-02-17,39.25,39.810001,39.00,39.02,152700,34.298778
2015-02-13,37.889999,39.349998,37.610001,39.290001,176800,34.53611
2015-02-12,37.400002,37.939999,37.189999,37.450001,173300,32.918741
2015-02-11,37.630001,37.759998,36.700001,37.369999,222500,32.848419
2015-02-10,37.049999,38.150002,36.849998,37.849998,255400,33.270341
2015-02-09,36.299999,37.169998,36.009998,36.889999,326000,32.426497
2015-02-06,36.459999,36.959999,35.790001,36.439999,407300,32.030944
2015-02-05,38.290001,38.48,36.610001,37.189999,314000,32.690198
2015-02-04,37.77,38.290001,36.25,37.84,377500,33.261552
2015-02-03,37.470001,38.66,36.970001,38.419998,509000,33.20002
2015-02-02,40.00,40.279999,36.419998,37.349998,666700,32.275397
2015-01-30,39.049999,40.48,39.009998,39.790001,243800,34.383886
2015-01-29,39.869999,39.91,37.900002,39.25,358900,33.917253
2015-01-28,40.360001,41.07,39.50,39.540001,247200,34.167853
2015-01-27,39.610001,40.669998,39.150002,40.279999,220500,34.80731
2015-01-26,39.790001,40.73,39.259998,40.209999,260700,34.746821
2015-01-23,40.220001,40.380001,39.700001,39.98,258100,34.54807
2015-01-22,40.040001,40.959999,39.650002,40.23,178700,34.764104
2015-01-21,39.400002,41.110001,39.240002,39.950001,250600,34.522147
2015-01-20,39.639999,39.77,39.00,39.290001,158900,33.951819
2015-01-16,38.720001,39.689999,38.18,39.369999,154400,34.020948
2015-01-15,38.869999,39.66,37.950001,38.790001,281100,33.519752
2015-01-14,38.50,39.18,37.549999,38.84,241900,33.562958
2015-01-13,39.52,39.59,38.59,38.990002,224500,33.69258
2015-01-12,40.130001,40.400002,39.290001,39.57,215300,34.193776
2015-01-09,41.799999,42.23,40.169998,40.450001,201700,34.954214
2015-01-08,40.00,41.98,40.00,41.75,334200,36.077588
2015-01-07,42.619999,42.619999,39.00,40.02,371600,34.582636
2015-01-06,42.209999,42.610001,40.599998,41.630001,187000,35.973892
2015-01-05,43.18,43.650002,42.009998,42.290001,199600,36.544221
2015-01-02,43.43,43.650002,42.66,43.18,172400,37.313299
2014-12-31,42.75,43.619999,42.400002,43.049999,187100,37.200961
2014-12-30,42.360001,43.650002,42.299999,42.810001,183000,36.993571
2014-12-29,42.310001,42.880001,41.849998,42.540001,164600,36.760254
2014-12-26,42.50,42.93,42.119999,42.310001,79800,36.561504
2014-12-24,42.00,42.330002,41.450001,42.330002,117500,36.578787
2014-12-23,41.139999,42.099998,40.700001,41.98,222000,36.276338
2014-12-22,42.00,42.919998,41.299999,41.400002,230200,35.775142
2014-12-19,41.689999,42.34,41.25,42.240002,419000,36.501015
2014-12-18,41.200001,41.860001,40.50,41.740002,296600,36.068948
2014-12-17,40.099998,41.209999,39.860001,40.560001,361700,35.04927
2014-12-16,38.779999,40.240002,38.189999,40.209999,388500,34.746821
2014-12-15,41.849998,41.849998,39.029999,39.639999,337000,34.254265
2014-12-12,42.84,43.09,41.09,41.810001,365000,36.129437
2014-12-11,43.360001,43.880001,42.66,43.459999,161800,37.555256
2014-12-10,45.00,45.049999,42.66,43.490002,230100,37.581182
2014-12-09,43.450001,45.419998,43.43,45.049999,238600,38.929229
2014-12-08,44.009998,44.259998,42.349998,43.529999,365900,37.615745
2014-12-05,44.98,44.98,44.00,44.369999,163400,38.341617
2014-12-04,46.220001,46.23,44.650002,44.98,311800,38.868739
2014-12-03,44.349998,45.560001,44.110001,45.34,245700,39.179828
2014-12-02,43.080002,44.91,43.00,44.110001,227000,38.116944
2014-12-01,46.169998,46.169998,42.470001,43.330002,467300,37.442921
2014-11-28,47.209999,47.610001,45.82,46.060001,86700,39.802006
2014-11-26,47.23,47.919998,46.50,47.849998,197700,41.348803
2014-11-25,48.25,48.259998,46.68,47.110001,172800,40.709345
2014-11-24,48.50,48.50,47.419998,48.220001,147400,41.668535
2014-11-21,47.02,48.380001,46.669998,48.200001,360400,41.651251
2014-11-20,46.330002,46.73,45.619999,46.639999,161500,40.303202
2014-11-19,47.77,47.799999,46.209999,46.459999,188500,40.147657
2014-11-18,47.349998,47.990002,47.189999,47.790001,161700,41.296957
2014-11-17,48.290001,48.299999,46.950001,47.50,154500,41.046357
2014-11-14,47.41,48.23,46.990002,48.09,235100,41.556196
2014-11-13,47.23,47.610001,46.860001,47.040001,151300,40.648856
2014-11-12,47.34,47.52,46.939999,47.330002,153100,40.899456
2014-11-11,47.669998,47.84,47.00,47.639999,197100,41.167335
2014-11-10,47.299999,47.98,46.98,47.66,242000,41.184618
2014-11-07,47.25,47.75,46.66,47.560001,151500,41.098206
2014-11-06,46.650002,47.349998,46.259998,47.09,179800,40.692062
2014-11-05,47.240002,48.490002,46.360001,46.889999,502200,40.519235
2014-11-04,49.400002,50.02,48.349998,49.330002,400400,42.076406
2014-11-03,48.75,49.669998,48.23,49.400002,296500,42.136113
2014-10-31,47.240002,48.299999,46.060001,48.09,264400,41.018737
2014-10-30,45.509998,47.139999,45.200001,46.34,116000,39.526061
2014-10-29,45.810001,45.990002,45.32,45.779999,125800,39.048404
2014-10-28,45.240002,45.869999,45.040001,45.779999,276300,39.048404
2014-10-27,44.990002,45.150002,44.34,44.91,178200,38.306331
2014-10-24,44.509998,44.880001,44.349998,44.73,148400,38.152799
2014-10-23,44.619999,44.849998,43.900002,44.25,114400,37.743379
2014-10-22,43.060001,44.25,42.990002,44.130001,358600,37.641025
2014-10-21,42.259998,43.18,41.52,42.950001,143200,36.634535
2014-10-20,42.880001,42.900002,41.330002,42.32,217600,36.097171
2014-10-17,45.150002,45.150002,41.349998,42.25,395800,36.037464
2014-10-16,41.099998,44.330002,41.099998,43.75,382200,37.3169
2014-10-15,38.029999,41.52,37.52,41.099998,352100,35.056561
2014-10-14,41.66,41.970001,37.080002,38.599998,632600,32.924167
2014-10-13,42.080002,42.740002,40.740002,40.84,171500,34.834794
2014-10-10,41.549999,42.25,38.849998,42.099998,362700,35.909519
2014-10-09,41.700001,42.130001,41.009998,41.689999,166100,35.559806
2014-10-08,42.599998,42.599998,40.66,42.16,280400,35.960698
2014-10-07,43.389999,43.700001,42.700001,42.790001,126400,36.498062
2014-10-06,43.68,43.75,42.779999,43.57,128200,37.163368
2014-10-03,43.630001,44.200001,43.48,43.790001,116800,37.35102
2014-10-02,42.66,43.93,42.169998,43.66,153500,37.240134
2014-10-01,42.880001,43.310001,42.73,42.799999,126400,36.50659
2014-09-30,43.560001,43.619999,42.400002,42.84,294600,36.540709
2014-09-29,44.049999,44.91,43.459999,43.560001,223200,37.15484
2014-09-26,43.060001,44.369999,42.540001,44.27,155200,37.760439
2014-09-25,44.009998,44.59,41.560001,43.16,583700,36.813655
2014-09-24,46.580002,46.580002,44.189999,44.48,376200,37.939559
2014-09-23,46.810001,47.450001,46.48,46.580002,140500,39.730772
2014-09-22,47.810001,47.810001,46.200001,46.950001,179900,40.046366
2014-09-19,47.68,47.84,47.299999,47.59,196600,40.592258
2014-09-18,48.779999,48.779999,47.060001,47.900002,181100,40.856676
2014-09-17,48.009998,48.34,47.25,48.209999,178100,41.121091
2014-09-16,48.529999,48.860001,48.040001,48.349998,119300,41.240505
2014-09-15,49.32,49.439999,48.290001,48.889999,124600,41.701103
2014-09-12,49.400002,49.490002,48.799999,49.09,76600,41.871695
2014-09-11,48.900002,49.360001,48.59,49.299999,81500,42.050815
2014-09-10,49.189999,49.50,49.02,49.080002,74400,41.863167
2014-09-09,48.43,49.360001,48.419998,49.310001,143700,42.059347
2014-09-08,48.50,50.00,48.380001,48.799999,189000,41.624336
2014-09-05,49.220001,49.220001,48.259998,48.529999,131100,41.394037
2014-09-04,49.970001,50.040001,48.150002,49.150002,157800,41.922874
2014-09-03,50.349998,50.50,49.400002,49.720001,90700,42.409059
2014-09-02,49.990002,50.650002,49.830002,50.09,222400,42.724653
2014-08-29,49.380001,49.91,48.91,49.759998,82400,42.443175
2014-08-28,49.380001,50.299999,48.889999,49.450001,240100,42.17876
2014-08-27,50.00,50.040001,48.27,49.950001,193000,42.605239
2014-08-26,49.419998,50.07,49.009998,50.00,152900,42.647886
2014-08-25,48.23,49.25,48.139999,49.200001,113700,41.965521
2014-08-22,48.639999,48.639999,47.91,48.34,103100,41.231977
2014-08-21,47.84,48.91,47.580002,48.75,152000,41.581689
2014-08-20,48.27,48.470001,47.849998,47.970001,126600,40.916383
2014-08-19,47.939999,48.189999,47.900002,48.060001,117000,40.993149
2014-08-18,48.119999,48.880001,47.779999,47.939999,105400,40.890792
2014-08-15,48.459999,48.810001,47.689999,48.110001,115900,41.035797
2014-08-14,48.360001,48.360001,47.509998,47.889999,152000,40.848145
2014-08-13,47.66,48.529999,47.360001,47.889999,139700,40.848145
2014-08-12,48.150002,48.169998,47.490002,47.66,98500,40.651965
2014-08-11,47.00,48.169998,47.00,47.799999,138100,40.771379
2014-08-08,47.599998,47.860001,46.880001,47.049999,177300,40.13166
2014-08-07,47.919998,48.220001,47.41,47.509998,145000,40.52402
2014-08-06,47.00,48.09,46.869999,47.790001,108800,40.76285
2014-08-05,48.75,49.00,47.00,47.369999,204900,40.404607
2014-08-04,49.700001,49.700001,48.529999,49.189999,215500,41.42389
2014-08-01,49.860001,50.220001,48.82,49.540001,184100,41.718634
2014-07-31,50.34,50.939999,48.00,50.209999,343400,42.282853
2014-07-30,53.490002,53.84,49.049999,50.25,332900,42.316539
2014-07-29,50.869999,52.09,50.299999,51.23,155200,43.141816
2014-07-28,49.700001,51.16,49.52,50.09,217000,42.181799
2014-07-25,49.00,49.00,48.540001,48.650002,570900,40.969148
2014-07-24,48.970001,49.060001,48.50,48.790001,86000,41.087044
2014-07-23,48.48,49.380001,48.150002,48.57,173900,40.901776
2014-07-22,47.380001,48.200001,46.880001,48.080002,200200,40.489139
2014-07-21,46.580002,47.040001,46.27,47.009998,108300,39.588068
2014-07-18,46.330002,46.639999,46.130001,46.490002,71100,39.150168
2014-07-17,46.50,46.669998,45.880001,46.57,73700,39.217536
2014-07-16,45.279999,46.57,45.200001,46.509998,114500,39.167008
2014-07-15,45.00,45.150002,44.02,44.970001,189300,37.870145
2014-07-14,44.919998,45.049999,44.00,44.779999,188100,37.71014
2014-07-11,44.889999,45.09,44.599998,44.77,96200,37.70172
2014-07-10,44.669998,45.09,44.50,44.689999,169200,37.634349
2014-07-09,45.599998,45.740002,45.200001,45.32,170100,38.164886
2014-07-08,46.400002,46.43,45.560001,45.740002,152200,38.518578
2014-07-07,46.720001,46.720001,46.310001,46.43,99800,39.09964
2014-07-03,47.209999,47.209999,46.34,46.700001,101900,39.327013
2014-07-02,46.830002,47.139999,46.73,46.91,98400,39.503857
2014-07-01,46.919998,47.50,46.700001,46.939999,154400,39.52912
2014-06-30,47.450001,47.490002,46.599998,46.650002,94800,39.284907
2014-06-27,46.599998,47.299999,46.27,47.23,154300,39.773335
2014-06-26,46.779999,46.779999,46.310001,46.419998,122600,39.091217
2014-06-25,46.150002,46.790001,46.049999,46.549999,104600,39.200693
2014-06-24,46.459999,47.220001,45.869999,45.880001,178600,38.636474
2014-06-23,45.130001,46.060001,45.049999,46.060001,190700,38.788056
2014-06-20,45.00,45.25,44.610001,45.130001,258100,38.004884
2014-06-19,44.560001,45.169998,44.00,45.07,148600,37.954356
2014-06-18,45.59,45.599998,44.50,44.790001,178900,37.718563
2014-06-17,45.490002,46.119999,44.450001,45.200001,202900,38.063832
2014-06-16,87.489998,89.620003,87.489998,89.349998,89800,37.621718
2014-06-13,87.139999,87.449997,86.540001,87.360001,114800,36.783809
2014-06-12,87.699997,88.32,86.459999,86.940002,85400,36.606965
2014-06-11,87.50,88.480003,85.110001,88.169998,318800,37.124867
2014-06-10,89.230003,89.559998,87.50,87.709999,183000,36.93118
2014-06-09,87.610001,89.980003,87.610001,89.199997,211200,37.558558
2014-06-06,88.489998,88.489998,87.550003,88.309998,134000,37.183815
2014-06-05,88.720001,88.910004,87.540001,88.300003,167200,37.179607
2014-06-04,89.480003,90.610001,88.43,88.720001,169400,37.356451
2014-06-03,90.849998,90.970001,89.50,90.00,142600,37.895408
2014-06-02,90.440002,91.800003,90.190002,91.410004,173800,38.489104
2014-05-30,90.650002,91.660004,89.75,90.949997,166800,38.295413
2014-05-29,90.800003,91.080002,90.040001,90.669998,108000,38.177517
2014-05-28,90.00,91.849998,89.809998,90.099998,136800,37.937513
2014-05-27,90.849998,91.330002,89.290001,89.720001,113200,37.777511
2014-05-23,91.550003,92.099998,89.760002,90.279999,150400,38.013304
2014-05-22,92.059998,92.389999,90.510002,91.529999,152200,38.539629
2014-05-21,94.00,94.949997,92.389999,92.459999,269600,38.931215
2014-05-20,93.440002,93.900002,92.019997,93.529999,89800,39.381749
2014-05-19,92.300003,93.839996,92.300003,93.139999,86800,39.217536
2014-05-16,92.620003,93.120003,91.559998,92.00,87800,38.737528
2014-05-15,92.07,92.57,90.760002,92.120003,142400,38.788056
2014-05-14,90.519997,91.989998,89.349998,91.660004,153800,38.594369
2014-05-13,91.82,92.650002,89.510002,90.32,244200,38.030147
2014-05-12,93.25,94.190002,91.199997,91.809998,267200,38.657525
2014-05-09,92.660004,92.839996,91.779999,92.589996,105400,38.985952
2014-05-08,93.25,93.25,91.779999,92.75,102200,39.053323
2014-05-07,93.650002,93.699997,92.900002,93.18,99200,39.234379
2014-05-06,93.300003,94.010002,92.910004,93.110001,158800,39.204905
2014-05-05,94.370003,96.040001,93.889999,94.110001,367000,39.111009
2014-05-02,94.830002,94.980003,93.290001,93.879997,187600,39.015422
2014-05-01,93.400002,94.959999,92.279999,94.279999,228000,39.181658
2014-04-30,92.300003,93.989998,91.230003,93.129997,262800,38.703731
2014-04-29,91.199997,92.769997,91.199997,92.059998,238200,38.259051
2014-04-28,88.00,90.830002,88.00,90.019997,246800,37.411251
2014-04-25,87.300003,87.480003,86.040001,86.610001,137400,35.994097
2014-04-24,86.449997,87.589996,85.800003,87.080002,139600,36.189424
2014-04-23,85.110001,86.349998,84.599998,85.839996,137800,35.674092
2014-04-22,84.669998,84.989998,84.459999,84.860001,104800,35.266817
2014-04-21,85.129997,85.18,84.57,84.720001,64800,35.208635
2014-04-17,85.32,85.32,84.459999,84.599998,60800,35.158764
2014-04-16,84.07,85.00,83.400002,84.949997,159800,35.304219
2014-04-15,84.82,85.099998,83.089996,83.650002,274000,34.763956
2014-04-14,84.900002,85.050003,83.550003,84.279999,198000,35.025776
2014-04-11,82.800003,84.900002,82.800003,84.029999,78600,34.921878
2014-04-10,85.190002,85.269997,82.160004,83.290001,475400,34.614344
2014-04-09,85.589996,85.900002,84.620003,85.209999,282600,35.412273
2014-04-08,84.769997,85.400002,84.459999,85.139999,140000,35.383182
2014-04-07,84.970001,85.260002,83.010002,84.790001,168400,35.237726
2014-04-04,85.400002,85.919998,84.370003,84.830002,148000,35.25435
2014-04-03,85.800003,85.800003,84.699997,85.099998,129800,35.366558
2014-04-02,85.82,85.82,84.849998,85.459999,208600,35.51617
2014-04-01,84.50,85.410004,84.190002,85.150002,187600,35.387338
2014-03-31,83.50,84.480003,83.010002,84.139999,88600,34.967593
2014-03-28,83.080002,83.309998,82.019997,82.800003,124400,34.410707
2014-03-27,83.919998,83.919998,82.790001,82.790001,58800,34.40655
2014-03-26,84.110001,84.209999,83.059998,83.379997,115400,34.651745
2014-03-25,83.00,83.669998,82.690002,83.669998,127800,34.772266
2014-03-24,82.040001,82.610001,81.50,82.300003,134800,34.202913
2014-03-21,81.739998,82.300003,81.160004,82.050003,166600,34.099016
2014-03-20,80.620003,81.82,79.519997,81.25,181000,33.766544
2014-03-19,82.620003,82.620003,81.00,81.400002,165600,33.828883
2014-03-18,82.00,82.360001,81.800003,82.360001,183600,34.227847
2014-03-17,82.260002,82.260002,81.209999,81.760002,114200,33.978495
2014-03-14,81.349998,81.980003,80.360001,81.080002,107600,33.695894
2014-03-13,82.849998,82.849998,80.660004,81.349998,76200,33.808102
2014-03-12,83.00,83.290001,81.349998,82.370003,106200,34.232004
2014-03-11,84.00,85.150002,83.00,83.059998,106400,34.518757
2014-03-10,85.639999,86.470001,84.18,84.900002,99000,35.283441
2014-03-07,84.860001,85.349998,84.010002,85.220001,114200,35.416429
2014-03-06,85.00,85.440002,83.949997,84.730003,75000,35.212792
2014-03-05,85.379997,85.739998,84.589996,84.620003,90600,35.167077
2014-03-04,86.589996,86.760002,85.360001,85.360001,100400,35.474612
2014-03-03,86.160004,86.379997,85.190002,86.379997,133200,35.89851
2014-02-28,84.629997,86.760002,84.309998,86.160004,182000,35.807083
2014-02-27,84.389999,85.440002,83.959999,85.290001,84600,35.445521
2014-02-26,83.989998,84.480003,83.129997,84.470001,101800,35.104738
2014-02-25,83.519997,83.849998,82.529999,83.470001,111600,34.68915
2014-02-24,82.099998,83.459999,81.730003,83.389999,151200,34.655902
2014-02-21,82.00,82.089996,81.300003,81.849998,132800,34.015896
2014-02-20,80.389999,81.870003,80.279999,81.790001,139800,33.990962
2014-02-19,80.900002,82.099998,80.900002,80.940002,81400,33.637712
2014-02-18,82.00,82.099998,80.010002,80.900002,620000,33.621088
2014-02-14,82.830002,82.830002,80.779999,81.269997,104600,33.774854
2014-02-13,82.470001,83.279999,80.419998,81.830002,209600,34.007586
2014-02-12,82.93,84.50,82.00,82.209999,177600,34.165508
2014-02-11,81.480003,84.00,81.239998,82.57,179200,34.31512
2014-02-10,80.620003,81.489998,80.099998,81.07,166800,33.691738
2014-02-07,81.720001,81.720001,80.43,80.68,116600,33.529659
2014-02-06,80.559998,81.809998,80.529999,81.160004,151600,33.729142
2014-02-05,81.900002,82.349998,80.260002,80.57,145400,33.483944
2014-02-04,82.160004,82.870003,81.290001,82.75,194000,33.892051
2014-02-03,82.629997,83.00,81.010002,82.050003,290400,33.605352
2014-01-31,81.410004,83.300003,80.400002,82.400002,208800,33.748702
2014-01-30,79.870003,82.25,79.07,81.980003,292200,33.576683
2014-01-29,78.540001,79.980003,77.650002,79.940002,178200,32.741156
2014-01-28,78.00,81.00,77.75,80.139999,269400,32.823069
2014-01-27,77.00,77.779999,76.00,77.779999,257000,31.85648
2014-01-24,76.889999,77.050003,76.010002,77.050003,136600,31.557494
2014-01-23,76.790001,77.019997,76.260002,76.730003,74600,31.426432
2014-01-22,77.110001,77.169998,76.440002,76.760002,51200,31.438718
2014-01-21,76.800003,77.389999,76.510002,76.690002,94800,31.410048
2014-01-17,77.470001,77.470001,76.410004,76.790001,67400,31.451005
2014-01-16,76.00,77.32,75.510002,77.300003,158600,31.659887
2014-01-15,75.239998,76.00,75.18,75.989998,78800,31.123346
2014-01-14,75.639999,76.019997,75.010002,75.459999,71600,30.906274
2014-01-13,75.43,76.50,75.029999,75.150002,75400,30.779308
2014-01-10,77.150002,77.150002,75.110001,75.300003,252000,30.840744
2014-01-09,76.779999,77.379997,76.300003,77.150002,97200,31.598451
2014-01-08,76.790001,77.059998,76.290001,76.610001,67200,31.377282
2014-01-07,76.800003,77.279999,76.040001,76.790001,109000,31.451005
2014-01-06,76.120003,76.779999,75.809998,76.32,107000,31.258506
2014-01-03,77.330002,77.330002,75.510002,76.300003,154600,31.250316
2014-01-02,77.290001,77.470001,75.690002,76.800003,133800,31.455102
2013-12-31,77.389999,77.389999,76.029999,77.00,153800,31.537015
2013-12-30,76.839996,77.400002,75.800003,77.040001,144600,31.553398
2013-12-27,77.00,77.00,76.139999,76.730003,113000,31.426432
2013-12-26,76.080002,76.50,75.370003,76.239998,137200,31.225739
2013-12-24,75.900002,76.449997,75.330002,76.230003,53200,31.221646
2013-12-23,75.739998,76.489998,74.419998,75.910004,225600,31.090583
2013-12-20,74.650002,76.00,73.309998,76.00,231400,31.127443
2013-12-19,74.040001,75.150002,74.029999,74.849998,168800,30.656435
2013-12-18,74.809998,74.980003,74.00,74.629997,86600,30.566329
2013-12-17,75.50,75.50,74.199997,74.949997,87000,30.697392
2013-12-16,75.32,75.940002,75.00,75.32,92600,30.848934
2013-12-13,75.029999,75.489998,74.150002,75.360001,78000,30.865317
2013-12-12,74.910004,75.370003,74.57,74.580002,60000,30.545852
2013-12-11,75.669998,75.800003,74.940002,75.120003,127200,30.767021
2013-12-10,75.50,75.879997,75.059998,75.660004,204600,30.98819
2013-12-09,76.00,76.00,75.50,75.610001,77200,30.96771
2013-12-06,75.809998,76.160004,75.269997,75.57,72000,30.951327
2013-12-05,76.010002,76.099998,74.519997,75.360001,118200,30.865317
2013-12-04,74.599998,76.220001,73.75,76.010002,190600,31.13154
2013-12-03,73.00,74.709999,72.75,74.519997,191400,30.521276
2013-12-02,73.019997,73.50,72.779999,73.349998,54400,30.042078
2013-11-29,73.00,73.290001,72.779999,73.269997,40800,30.009311
2013-11-27,72.900002,73.25,72.589996,73.019997,93600,29.906918
2013-11-26,72.75,73.07,72.529999,72.919998,63200,29.865962
2013-11-25,73.00,73.940002,72.629997,73.010002,146400,29.902825
2013-11-22,72.010002,73.540001,71.099998,73.00,139800,29.898728
2013-11-21,70.199997,72.870003,69.739998,72.150002,192800,29.550593
2013-11-20,71.510002,71.709999,68.00,70.220001,521200,28.76012
2013-11-19,73.800003,74.120003,71.010002,71.75,162600,29.386764
2013-11-18,74.980003,74.989998,73.800003,73.809998,110800,30.23048
2013-11-15,75.00,75.089996,74.650002,74.980003,134200,30.709681
2013-11-14,75.400002,75.400002,74.489998,74.900002,140800,30.676915
2013-11-13,75.010002,75.040001,74.50,74.849998,119800,30.656435
2013-11-12,75.040001,75.040001,74.300003,74.57,92200,30.541755
2013-11-11,75.00,75.75,74.07,75.019997,133600,30.726061
2013-11-08,75.699997,75.699997,74.059998,74.860001,156400,30.660532
2013-11-07,76.50,76.50,75.519997,75.900002,87800,31.086486
2013-11-06,75.699997,76.480003,75.50,75.779999,72400,31.037337
2013-11-05,76.940002,76.940002,75.410004,75.699997,106200,31.00457
2013-11-04,76.800003,78.00,76.25,77.769997,187600,31.371138
2013-11-01,76.339996,77.989998,75.959999,77.360001,139200,31.205752
2013-10-31,76.290001,76.459999,75.800003,75.910004,80200,30.620847
2013-10-30,76.580002,76.989998,75.650002,75.650002,66400,30.515966
2013-10-29,76.50,76.589996,75.669998,76.260002,100600,30.762031
2013-10-28,76.199997,76.489998,75.279999,75.900002,125600,30.616812
2013-10-25,76.889999,76.949997,76.25,76.25,120800,30.757996
2013-10-24,76.529999,77.110001,76.089996,76.779999,117800,30.971789
2013-10-23,76.580002,76.879997,75.720001,76.480003,69400,30.850775
2013-10-22,76.940002,77.00,76.019997,76.550003,72200,30.879012
2013-10-21,75.209999,76.989998,75.209999,76.169998,69600,30.725724
2013-10-18,75.959999,76.57,74.75,75.400002,156600,30.415121
2013-10-17,76.050003,77.50,75.239998,75.410004,169600,30.419155
2013-10-16,76.510002,77.029999,75.160004,75.949997,91600,30.63698
2013-10-15,77.00,77.419998,75.519997,76.190002,64400,30.733794
2013-10-14,75.370003,77.00,74.870003,76.910004,92800,31.024231
2013-10-11,74.279999,75.989998,74.279999,75.989998,40600,30.653115
2013-10-10,74.82,74.82,74.00,74.629997,42200,30.104513
2013-10-09,75.309998,75.830002,73.769997,74.150002,69400,29.910891
2013-10-08,75.379997,75.940002,74.900002,75.00,64000,30.253766
2013-10-07,75.040001,76.629997,75.00,75.629997,118000,30.507897
2013-10-04,76.50,76.50,75.669998,75.849998,79600,30.596642
2013-10-03,75.330002,76.599998,74.519997,76.25,150800,30.757996
2013-10-02,75.300003,75.470001,74.010002,75.330002,77800,30.386884
2013-10-01,74.57,75.589996,74.129997,75.239998,128000,30.350578
2013-09-30,74.00,75.080002,73.019997,74.129997,166600,29.902822
2013-09-27,76.349998,77.639999,74.459999,74.730003,132600,30.144854
2013-09-26,76.690002,77.610001,76.07,76.800003,64600,30.979858
2013-09-25,76.449997,77.349998,76.099998,76.239998,82800,30.753961
2013-09-24,77.50,77.949997,76.00,76.120003,56400,30.705557
2013-09-23,77.290001,77.910004,77.029999,77.470001,112600,31.250124
2013-09-20,77.849998,77.949997,76.900002,77.00,177000,31.060534
2013-09-19,77.559998,78.00,76.510002,77.860001,134400,31.407444
2013-09-18,76.519997,77.660004,75.720001,77.00,103600,31.060534
2013-09-17,75.389999,76.900002,75.379997,76.129997,86800,30.709589
2013-09-16,76.00,76.50,74.459999,75.389999,108800,30.411086
2013-09-13,76.989998,77.099998,75.010002,75.279999,67400,30.366713
2013-09-12,77.400002,77.989998,76.50,76.589996,75400,30.895145
2013-09-11,77.980003,78.00,77.410004,77.419998,110200,31.229954
2013-09-10,77.25,78.25,77.169998,78.00,82200,31.463917
2013-09-09,76.059998,76.739998,76.059998,76.739998,112600,30.955653
2013-09-06,76.209999,76.349998,75.809998,76.019997,64200,30.665216
2013-09-05,75.769997,76.209999,75.50,76.00,57400,30.65715
2013-09-04,75.970001,76.230003,75.269997,75.400002,62800,30.415121
2013-09-03,75.959999,76.75,75.300003,75.400002,66200,30.415121
2013-08-30,76.650002,76.910004,74.870003,75.279999,78800,30.366713
2013-08-29,77.610001,77.949997,76.720001,76.769997,64400,30.967754
2013-08-28,78.209999,78.599998,77.580002,77.959999,53800,31.447781
2013-08-27,77.959999,78.849998,77.959999,78.230003,101400,31.556697
2013-08-26,78.300003,78.989998,77.870003,78.75,136000,31.766455
2013-08-23,78.029999,78.900002,77.75,78.230003,76400,31.556697
2013-08-22,77.059998,78.699997,76.00,78.029999,150400,31.476018
2013-08-21,76.300003,77.400002,76.300003,77.059998,92200,31.084736
2013-08-20,75.25,76.889999,75.25,76.330002,91200,30.790267
2013-08-19,75.00,75.339996,74.699997,75.25,102200,30.354612
2013-08-16,74.849998,75.580002,73.559998,75.029999,172800,30.265867
2013-08-15,73.559998,74.980003,73.470001,74.849998,114200,30.193258
2013-08-14,74.849998,74.849998,73.389999,74.360001,125800,29.995601
2013-08-13,74.480003,74.870003,73.129997,74.50,60400,30.052075
2013-08-12,75.699997,76.190002,74.260002,74.470001,105000,30.039974
2013-08-09,74.449997,76.480003,74.160004,76.379997,158000,30.810435
2013-08-08,74.190002,74.760002,73.860001,74.050003,103000,29.870553
2013-08-07,75.610001,75.610001,73.00,73.50,136000,29.648691
2013-08-06,73.849998,75.639999,73.669998,75.389999,120200,30.411086
2013-08-05,74.290001,74.760002,72.150002,74.330002,179800,29.9835
2013-08-02,75.690002,75.690002,73.599998,74.82,169200,29.716057
2013-08-01,77.650002,77.650002,74.830002,75.099998,125600,29.827263
2013-07-31,77.449997,77.739998,76.260002,76.519997,72400,30.39124
2013-07-30,76.50,77.209999,75.209999,77.209999,81800,30.665287
2013-07-29,76.199997,77.379997,75.099998,76.75,171800,30.48259
2013-07-26,74.790001,76.00,73.550003,76.00,167000,30.184714
2013-07-25,73.639999,75.360001,73.18,74.779999,117400,29.70017
2013-07-24,75.07,75.669998,71.720001,73.900002,123200,29.350664
2013-07-23,73.650002,75.07,72.989998,75.029999,94400,29.799462
2013-07-22,73.169998,73.510002,72.559998,73.339996,85000,29.128248
2013-07-19,72.860001,73.190002,72.25,72.559998,73600,28.818458
2013-07-18,72.769997,73.75,72.599998,72.839996,137000,28.929664
2013-07-17,72.440002,73.300003,72.440002,72.93,58400,28.965411
2013-07-16,73.300003,73.489998,72.029999,72.580002,115400,28.826403
2013-07-15,73.449997,73.449997,72.199997,73.160004,60600,29.056761
2013-07-12,70.260002,73.629997,70.00,73.040001,154400,29.0091
2013-07-11,74.309998,74.830002,73.510002,73.769997,81400,29.29903
2013-07-10,73.510002,74.260002,72.82,73.18,65000,29.064703
2013-07-09,72.959999,74.650002,72.639999,74.040001,138000,29.406267
2013-07-08,71.519997,72.739998,70.830002,72.410004,67600,28.758885
2013-07-05,71.82,72.949997,70.559998,71.519997,55200,28.405404
2013-07-03,70.709999,72.300003,70.400002,71.739998,76000,28.492781
2013-07-02,72.580002,72.910004,70.629997,71.059998,195200,28.222707
2013-07-01,71.449997,73.459999,70.760002,72.110001,129800,28.639734
2013-06-28,69.949997,71.760002,69.209999,70.629997,137400,28.051925
2013-06-27,68.779999,69.940002,68.720001,69.68,84600,27.674617
2013-06-26,69.00,69.879997,68.059998,68.470001,156600,27.194045
2013-06-25,67.660004,69.099998,66.879997,68.760002,104000,27.309224
2013-06-24,69.00,69.129997,64.220001,67.50,311800,26.808792
2013-06-21,70.50,71.639999,69.470001,69.800003,193600,27.722278
2013-06-20,71.50,71.629997,69.639999,70.300003,137400,27.920862
2013-06-19,71.860001,72.459999,70.800003,71.580002,72000,28.429236
2013-06-18,71.449997,72.50,71.019997,71.699997,89000,28.476894
2013-06-17,71.400002,72.040001,70.730003,71.410004,109000,28.361718
2013-06-14,69.300003,70.93,69.300003,70.550003,108000,28.020154
2013-06-13,70.230003,71.389999,69.300003,69.379997,119000,27.555466
2013-06-12,71.360001,72.059998,70.00,70.230003,131000,27.89306
2013-06-11,71.389999,72.199997,70.050003,71.00,178000,28.198878
2013-06-10,72.190002,73.199997,71.639999,72.029999,105000,28.60796
2013-06-07,71.599998,72.980003,71.349998,71.669998,112800,28.464979
2013-06-06,70.599998,71.720001,70.150002,71.540001,106400,28.413349
2013-06-05,71.400002,72.580002,70.139999,70.970001,172600,28.186963
2013-06-04,72.75,73.550003,71.260002,71.980003,218200,28.588103
2013-06-03,72.360001,73.599998,71.830002,72.900002,187200,28.953496
2013-05-31,72.800003,73.099998,71.019997,72.279999,159400,28.707252
2013-05-30,73.610001,74.709999,72.809998,72.900002,176000,28.953496
2013-05-29,75.959999,75.959999,73.260002,73.860001,298600,29.334777
2013-05-28,77.190002,77.379997,75.529999,76.75,141400,30.48259
2013-05-24,75.349998,76.220001,73.75,76.139999,123400,30.240318
2013-05-23,75.349998,75.900002,72.760002,75.529999,285200,29.998045
2013-05-22,77.010002,78.50,76.059998,76.470001,205400,30.371384
2013-05-21,76.010002,77.550003,75.220001,77.489998,180600,30.776493
2013-05-20,74.529999,75.989998,74.32,75.849998,108600,30.125139
2013-05-17,74.739998,75.370003,74.00,74.529999,131400,29.600878
2013-05-16,75.00,75.540001,74.040001,74.040001,195800,29.406267
2013-05-15,73.50,75.389999,73.25,75.00,208200,29.787547
2013-05-14,72.959999,73.790001,72.900002,73.419998,147800,29.160022
2013-05-13,73.010002,74.07,72.389999,72.989998,143200,28.98924
2013-05-10,72.32,74.50,71.599998,72.959999,245400,28.977325
2013-05-09,71.580002,72.800003,71.160004,71.839996,148000,28.532497
2013-05-08,70.779999,71.400002,70.080002,71.269997,104000,28.306112
2013-05-07,68.529999,71.790001,68.529999,70.220001,241800,27.889088
2013-05-06,73.089996,73.449997,68.360001,68.529999,333000,27.217874
2013-05-03,74.50,74.889999,73.620003,73.809998,289400,28.866117
2013-05-02,74.559998,74.75,73.610001,74.099998,194000,28.979533
2013-05-01,74.059998,75.889999,73.800003,74.690002,360200,29.210275
2013-04-30,72.260002,74.720001,71.660004,74.43,299400,29.108592
2013-04-29,69.669998,72.480003,69.199997,71.629997,292600,28.013548
2013-04-26,67.239998,69.220001,67.239998,68.599998,263400,26.828555
2013-04-25,67.480003,67.690002,66.910004,67.059998,120800,26.226281
2013-04-24,67.25,67.709999,66.879997,67.160004,109400,26.265392
2013-04-23,66.860001,67.25,66.309998,66.949997,115200,26.183261
2013-04-22,66.389999,66.75,65.269997,66.559998,175400,26.030738
2013-04-19,66.379997,66.389999,65.860001,66.010002,82800,25.815642
2013-04-18,65.68,66.660004,65.330002,66.18,93400,25.882126
2013-04-17,65.379997,65.730003,64.300003,65.43,79600,25.588811
2013-04-16,65.07,66.160004,65.010002,65.940002,132000,25.788266
2013-04-15,65.410004,65.989998,63.509998,64.940002,169800,25.397179
2013-04-12,65.400002,66.209999,65.00,66.029999,74000,25.823462
2013-04-11,65.900002,66.470001,65.540001,66.040001,100200,25.827374
2013-04-10,65.720001,66.32,65.120003,66.260002,109800,25.913413
2013-04-09,65.440002,65.910004,64.809998,65.300003,94800,25.53797
2013-04-08,63.720001,65.639999,63.720001,65.559998,204400,25.639651
2013-04-05,63.099998,64.00,62.849998,64.00,105800,25.029556
2013-04-04,63.25,63.880001,62.549999,63.849998,103400,24.970893
2013-04-03,63.41,63.830002,62.849998,63.540001,135800,24.849657
2013-04-02,63.84,64.00,63.009998,63.68,120800,24.904409
2013-04-01,63.91,64.040001,62.900002,63.599998,156800,24.873121
2013-03-28,64.010002,64.010002,62.509998,63.700001,141000,24.912231
2013-03-27,63.189999,64.080002,63.049999,63.869999,112200,24.978715
2013-03-26,63.290001,64.449997,62.689999,63.689999,94400,24.908319
2013-03-25,63.720001,64.330002,63.110001,63.32,156400,24.763617
2013-03-22,63.259998,64.00,62.919998,63.57,156600,24.861389
2013-03-21,62.669998,63.450001,62.669998,63.27,98200,24.744063
2013-03-20,62.700001,63.060001,61.900002,62.919998,218400,24.607182
2013-03-19,63.139999,63.470001,62.360001,62.52,91000,24.450748
2013-03-18,63.259998,63.77,62.860001,63.290001,118200,24.751885
2013-03-15,63.00,64.00,62.549999,63.93,230000,25.00218
2013-03-14,61.580002,62.799999,61.580002,62.759998,98200,24.544608
2013-03-13,61.84,62.490002,61.130001,61.580002,77200,24.083127
2013-03-12,61.549999,62.00,61.27,61.84,180200,24.184809
2013-03-11,62.380001,62.849998,61.200001,61.880001,228400,24.200453
2013-03-08,63.68,63.689999,62.16,62.380001,177200,24.395996
2013-03-07,63.580002,63.900002,62.52,63.09,156400,24.673667
2013-03-06,63.700001,64.239998,62.900002,63.34,270200,24.771439
2013-03-05,63.77,64.25,62.93,63.669998,192600,24.900497
2013-03-04,62.950001,63.599998,62.34,63.43,159000,24.806637
2013-03-01,62.380001,63.18,61.119999,62.799999,164200,24.560252
2013-02-28,61.490002,62.200001,61.32,62.09,115400,24.282581
2013-02-27,59.950001,61.880001,59.380001,61.310001,151800,23.977533
2013-02-26,60.220001,60.990002,59.880001,59.98,137400,23.457387
2013-02-25,61.66,61.709999,60.009998,60.32,123200,23.590357
2013-02-22,61.00,62.279999,60.369999,61.52,150800,24.059661
2013-02-21,61.75,61.84,59.540001,60.93,227600,23.82892
2013-02-20,62.540001,62.540001,61.759998,62.169998,121400,24.313867
2013-02-19,62.66,62.77,62.02,62.75,131800,24.540698
2013-02-15,63.029999,63.080002,62.00,62.57,117400,24.470302
2013-02-14,63.279999,63.349998,62.59,63.029999,171600,24.650202
2013-02-13,63.200001,63.200001,62.209999,63.00,124800,24.638469
2013-02-12,63.279999,63.349998,62.889999,63.200001,343400,24.716687
2013-02-11,63.25,63.470001,63.009998,63.220001,119600,24.724509
2013-02-08,63.50,63.50,62.990002,63.189999,100200,24.712775
2013-02-07,63.029999,63.349998,62.799999,63.200001,112000,24.716687
2013-02-06,62.869999,63.41,62.560001,63.02,157200,24.646291
2013-02-05,63.259998,63.400002,62.419998,63.349998,189600,24.775349
2013-02-04,64.00,64.029999,63.599998,63.919998,226400,24.565335
2013-02-01,64.00,64.120003,63.50,63.900002,212400,24.55765
2013-01-31,63.75,64.18,63.369999,64.00,174800,24.596081
2013-01-30,64.00,64.50,63.299999,63.700001,155600,24.480787
2013-01-29,64.809998,64.889999,63.619999,63.939999,287200,24.573021
2013-01-28,63.990002,64.00,63.189999,63.700001,203400,24.480787
2013-01-25,64.400002,64.760002,63.00,64.00,153400,24.596081
2013-01-24,65.400002,65.940002,64.110001,64.209999,246800,24.676786
2013-01-23,66.269997,66.449997,65.160004,65.480003,117000,25.164866
2013-01-22,65.099998,66.349998,65.029999,66.00,178000,25.364708
2013-01-18,64.900002,65.190002,64.470001,65.190002,96800,25.053415
2013-01-17,64.010002,65.040001,63.77,64.949997,146600,24.961178
2013-01-16,63.639999,63.900002,63.00,63.860001,142000,24.542277
2013-01-15,64.529999,64.650002,62.950001,63.110001,288600,24.254042
2013-01-14,64.510002,64.989998,64.339996,64.480003,126400,24.780553
2013-01-11,63.50,64.410004,62.900002,64.25,180200,24.692159
2013-01-10,63.439999,63.959999,63.00,63.790001,279000,24.515375
2013-01-09,63.00,63.310001,62.130001,62.880001,371800,24.16565
2013-01-08,62.220001,62.91,61.400002,61.75,289600,23.731375
2013-01-07,61.389999,62.610001,61.360001,62.16,152800,23.888943
2013-01-04,61.330002,61.540001,60.169998,61.330002,154800,23.569964
2013-01-03,60.50,62.549999,60.419998,61.450001,222000,23.616081
2013-01-02,58.650002,60.709999,58.549999,60.459999,319200,23.23561
2012-12-31,57.00,58.34,56.880001,58.060001,158600,22.313258
2012-12-28,58.880001,58.880001,57.369999,57.52,149600,22.105728
2012-12-27,58.349998,58.720001,57.849998,58.09,216600,22.324787
2012-12-26,56.529999,58.130001,55.490002,58.119999,270800,22.336315
2012-12-24,58.580002,58.650002,55.91,56.07,210000,21.548473
2012-12-21,57.18,58.639999,56.77,58.060001,258200,22.313258
2012-12-20,57.880001,58.290001,57.220001,57.799999,258600,22.213335
2012-12-19,56.34,58.73,56.00,57.73,379800,22.186433
2012-12-18,53.939999,56.50,53.560001,56.34,359000,21.652237
2012-12-17,55.25,55.25,53.099998,53.98,376800,20.745257
2012-12-14,54.349998,55.419998,54.25,54.619999,167600,20.991217
2012-12-13,54.110001,55.189999,54.110001,54.77,250000,21.048865
2012-12-12,55.299999,55.73,54.860001,55.23,135200,21.225649
2012-12-11,55.00,55.220001,54.599998,55.150002,186800,21.194905
2012-12-10,55.59,56.299999,53.75,54.990002,400800,21.133414
2012-12-07,56.25,56.25,54.900002,55.560001,241800,21.352473
2012-12-06,56.099998,56.66,55.669998,56.16,174200,21.583061
2012-12-05,56.00,56.860001,55.41,56.130001,164400,21.571532
2012-12-04,57.189999,57.189999,55.759998,56.07,243000,21.548473
2012-12-03,56.759998,57.439999,56.50,56.610001,281000,21.756002
2012-11-30,55.889999,57.349998,55.889999,56.869999,216200,21.855923
2012-11-29,56.07,56.75,55.799999,56.189999,192400,21.59459
2012-11-28,54.490002,56.77,54.490002,55.700001,241000,21.406277
2012-11-27,55.869999,55.939999,53.98,55.119999,274000,21.183374
2012-11-26,56.27,56.709999,54.75,55.389999,254000,21.287139
2012-11-23,57.00,57.25,56.41,57.150002,83400,21.963532
2012-11-21,57.220001,57.830002,56.610001,57.259998,156600,22.005805
2012-11-20,56.23,57.669998,55.82,57.220001,254800,21.990434
2012-11-19,55.860001,56.98,55.77,56.209999,147000,21.602276
2012-11-16,52.84,56.09,52.810001,55.720001,327400,21.413963
2012-11-15,53.349998,54.369999,52.209999,53.060001,493600,20.391689
2012-11-14,54.009998,56.099998,53.34,54.52,464200,20.952786
2012-11-13,56.73,57.049999,54.09,54.889999,569800,21.094982
2012-11-12,58.419998,58.82,57.00,57.200001,165200,21.982747
2012-11-09,59.349998,60.27,57.950001,58.279999,199600,22.397806
2012-11-08,59.240002,61.299999,58.049999,60.02,229400,23.066512
2012-11-07,61.509998,62.049999,57.009998,59.619999,797400,22.912786
2012-11-06,63.970001,64.480003,63.34,63.700001,90800,24.480787
2012-11-05,63.830002,64.150002,63.450001,63.709999,170000,24.484629
2012-11-02,65.919998,65.970001,64.099998,64.269997,152400,24.282865
2012-11-01,65.550003,66.470001,64.879997,66.050003,86400,24.955397
2012-10-31,64.75,66.099998,63.50,65.139999,183400,24.611574
2012-10-26,62.98,65.389999,62.98,64.940002,165800,24.53601
2012-10-25,62.549999,63.900002,62.060001,63.299999,114400,23.916375
2012-10-24,63.00,63.919998,62.00,62.259998,167000,23.523435
2012-10-23,63.52,64.269997,62.459999,62.93,121200,23.776579
2012-10-22,62.91,65.00,62.560001,64.559998,197000,24.392434
2012-10-19,63.919998,64.279999,62.900002,63.220001,132000,23.886149
2012-10-18,64.07,64.379997,63.50,64.209999,91800,24.260196
2012-10-17,64.160004,64.489998,63.580002,64.300003,105600,24.294202
2012-10-16,63.48,64.129997,63.259998,63.939999,99800,24.158183
2012-10-15,63.299999,63.82,63.00,63.150002,183200,23.859702
2012-10-12,63.00,63.599998,62.189999,63.330002,168200,23.92771
2012-10-11,62.07,63.099998,61.869999,62.849998,121000,23.746353
2012-10-10,62.509998,63.25,61.599998,62.130001,208000,23.474319
2012-10-09,61.380001,62.790001,61.080002,62.549999,143400,23.633005
2012-10-08,61.380001,61.490002,60.75,61.27,131400,23.149389
2012-10-05,60.290001,61.400002,60.25,61.380001,140600,23.19095
2012-10-04,58.950001,60.279999,58.73,60.18,284200,22.737558
2012-10-03,57.91,59.41,57.099998,58.759998,275200,22.201045
2012-10-02,59.849998,59.849998,56.970001,58.299999,318600,22.027245
2012-10-01,60.00,60.439999,59.360001,59.880001,189800,22.624211
2012-09-28,59.810001,60.310001,59.360001,59.950001,151400,22.650659
2012-09-27,61.009998,61.360001,59.860001,60.41,163200,22.824458
2012-09-26,61.57,61.639999,60.50,60.990002,143200,23.043598
2012-09-25,63.220001,63.619999,61.41,61.610001,205800,23.277849
2012-09-24,63.119999,63.43,62.959999,63.299999,128000,23.916375
2012-09-21,63.98,63.98,63.43,63.50,263800,23.99194
2012-09-20,63.349998,63.970001,62.52,63.740002,127800,24.082619
2012-09-19,62.610001,63.799999,62.470001,63.560001,136600,24.01461
2012-09-18,62.450001,63.150002,62.360001,62.919998,120800,23.7728
2012-09-17,63.349998,63.599998,62.119999,62.349998,125400,23.55744
2012-09-14,60.880001,63.529999,60.880001,62.599998,231600,23.651896
2012-09-13,61.00,61.459999,60.130001,60.77,178200,22.960476
2012-09-12,61.830002,62.389999,60.66,61.040001,139400,23.062489
2012-09-11,61.07,62.27,61.060001,61.84,113800,23.364749
2012-09-10,60.00,61.799999,59.830002,61.50,121800,23.236288
2012-09-07,59.849998,60.400002,59.669998,60.139999,143000,22.722445
2012-09-06,60.27,60.82,59.610001,59.849998,102200,22.612875
2012-09-05,61.279999,61.310001,60.00,60.259998,152200,22.767784
2012-09-04,61.290001,62.080002,61.130001,61.509998,98400,23.240066
2012-08-31,61.98,62.50,61.169998,61.93,62000,23.398754
2012-08-30,61.939999,62.200001,61.27,62.00,185000,23.425201
2012-08-29,62.279999,62.810001,61.689999,62.560001,109600,23.636784
2012-08-28,61.32,62.919998,61.130001,62.650002,138600,23.670789
2012-08-27,64.809998,65.150002,61.00,61.759998,358400,23.334522
2012-08-24,65.900002,66.029999,64.559998,64.809998,83800,24.486891
2012-08-23,67.00,67.00,65.910004,66.150002,137200,24.993179
2012-08-22,65.419998,67.099998,65.419998,67.010002,119200,25.318109
2012-08-21,66.400002,66.889999,65.379997,65.650002,93800,24.804266
2012-08-20,65.400002,66.75,64.760002,65.980003,168000,24.928949
2012-08-17,65.800003,66.040001,64.900002,65.220001,189600,24.641801
2012-08-16,65.50,65.790001,65.169998,65.790001,147600,24.857161
2012-08-15,65.879997,66.050003,65.169998,65.440002,174200,24.724923
2012-08-14,66.00,66.00,64.949997,65.410004,207000,24.713589
2012-08-13,65.470001,65.470001,64.139999,64.949997,198200,24.539786
2012-08-10,63.009998,65.330002,63.00,65.00,271000,24.558679
2012-08-09,61.330002,63.09,60.98,63.029999,275600,23.814361
2012-08-08,61.50,61.52,60.91,61.25,99800,23.141832
2012-08-07,61.169998,62.02,61.009998,61.68,140200,23.304297
2012-08-06,61.00,61.32,60.540001,61.040001,129200,23.062489
2012-08-03,61.049999,61.560001,60.34,60.380001,194000,22.813124
2012-08-02,62.619999,63.060001,61.650002,61.93,199200,22.997125
2012-08-01,62.00,63.290001,60.950001,62.330002,356400,23.145662
2012-07-31,60.25,61.68,59.93,61.240002,217200,22.740901
2012-07-30,59.439999,60.25,59.23,59.93,206400,22.254444
2012-07-27,58.00,59.48,57.889999,58.82,151400,21.842256
2012-07-26,57.43,58.209999,56.759998,57.049999,123000,21.184983
2012-07-25,57.740002,58.50,56.91,57.00,121400,21.166416
2012-07-24,58.41,58.810001,57.189999,57.639999,126800,21.404074
2012-07-23,57.00,58.419998,56.75,58.049999,137600,21.556323
2012-07-20,58.700001,59.119999,57.59,57.68,147000,21.418928
2012-07-19,58.73,59.279999,58.549999,58.68,173600,21.790268
2012-07-18,57.200001,58.669998,57.200001,58.549999,207000,21.741994
2012-07-17,59.00,59.00,56.849998,57.509998,338800,21.355799
2012-07-16,60.09,60.09,58.380001,58.84,152200,21.849683
2012-07-13,59.950001,60.490002,58.990002,60.040001,98400,22.295292
2012-07-12,60.290001,60.290001,59.00,59.98,96200,22.273011
2012-07-11,59.630001,60.759998,59.130001,60.48,132800,22.458681
2012-07-10,61.00,61.400002,59.110001,59.360001,154600,22.04278
2012-07-09,60.00,61.549999,59.799999,60.810001,146400,22.581224
2012-07-06,59.98,61.110001,59.50,60.099998,310800,22.317571
2012-07-05,58.950001,60.400002,58.189999,59.939999,289400,22.258157
2012-07-03,58.310001,59.560001,57.57,58.950001,223800,21.890531
2012-07-02,56.200001,59.16,55.720001,58.23,476600,21.623165
2012-06-29,55.970001,56.75,55.75,56.119999,117800,20.839636
2012-06-28,54.939999,56.200001,54.939999,55.32,84200,20.542564
2012-06-27,54.669998,55.299999,54.209999,55.209999,167200,20.501716
2012-06-26,54.880001,55.34,53.950001,54.66,142400,20.297479
2012-06-25,55.25,55.25,54.220001,54.720001,92800,20.31976
2012-06-22,54.110001,55.860001,54.009998,55.380001,181400,20.564845
2012-06-21,54.990002,55.169998,53.959999,54.41,117800,20.204644
2012-06-20,54.509998,55.509998,54.509998,55.27,178000,20.523997
2012-06-19,54.48,55.099998,54.029999,54.84,163000,20.36432
2012-06-18,54.700001,54.799999,53.880001,54.459999,176600,20.223211
2012-06-15,54.73,55.50,54.459999,54.880001,298400,20.379174
2012-06-14,55.869999,55.959999,53.759998,55.18,335000,20.490576
2012-06-13,55.759998,56.700001,55.759998,56.240002,157800,20.884198
2012-06-12,57.310001,57.75,55.75,56.599998,235000,21.017879
2012-06-11,59.790001,59.790001,56.450001,57.799999,227800,21.463488
2012-06-08,58.48,59.310001,58.00,58.779999,128800,21.827402
2012-06-07,59.900002,60.23,58.189999,58.59,265200,21.756848
2012-06-06,56.669998,60.00,56.400002,59.650002,372000,22.150469
2012-06-05,55.00,56.580002,55.00,56.130001,189400,20.84335
2012-06-04,56.150002,56.450001,53.849998,54.93,183000,20.397741
2012-06-01,56.529999,56.68,55.169998,56.459999,224400,20.965892
2012-05-31,57.400002,57.700001,56.110001,57.009998,221800,21.170129
2012-05-30,57.700001,57.970001,57.00,57.360001,133400,21.300099
2012-05-29,59.049999,59.48,57.66,58.23,245600,21.623165
2012-05-25,59.099998,59.529999,58.290001,58.990002,112000,21.905385
2012-05-24,58.389999,59.009998,57.93,58.82,107000,21.842256
2012-05-23,57.00,58.93,56.040001,58.459999,170000,21.708573
2012-05-22,58.130001,58.98,57.080002,57.290001,146000,21.274105
2012-05-21,56.490002,58.009998,56.099998,57.810001,301000,21.467202
2012-05-18,59.099998,59.259998,56.549999,56.669998,222600,21.043873
2012-05-17,58.220001,59.66,58.220001,58.830002,179200,21.84597
2012-05-16,59.369999,59.75,58.00,58.209999,156600,21.615738
2012-05-15,58.880001,60.029999,58.720001,58.73,144000,21.808835
2012-05-14,57.639999,58.990002,57.639999,58.119999,135200,21.582317
2012-05-11,59.419998,60.09,58.040001,58.380001,222000,21.678867
2012-05-10,59.189999,60.209999,58.860001,59.50,122000,22.094768
2012-05-09,59.16,59.889999,58.779999,58.860001,182000,21.85711
2012-05-08,60.25,60.740002,59.02,59.959999,230000,22.265584
2012-05-07,60.700001,61.25,60.25,61.00,206000,22.651779
2012-05-04,62.32,62.32,60.52,61.630001,195600,22.885724
2012-05-03,63.73,63.799999,62.380001,62.830002,200000,22.950708
2012-05-02,63.630001,64.00,63.009998,63.549999,182600,23.213711
2012-05-01,64.089996,64.989998,63.650002,63.75,312000,23.286767
2012-04-30,63.150002,64.68,62.98,64.580002,268000,23.589953
2012-04-27,62.09,63.43,62.09,63.330002,194800,23.133349
2012-04-26,62.040001,62.919998,61.950001,62.34,159400,22.771719
2012-04-25,62.00,62.490002,61.619999,62.02,205000,22.654829
2012-04-24,61.209999,61.990002,60.389999,61.619999,224800,22.508715
2012-04-23,60.150002,61.43,59.369999,61.259998,264400,22.377213
2012-04-20,61.950001,61.950001,60.25,60.470001,277400,22.088641
2012-04-19,59.990002,62.799999,59.900002,61.830002,542200,22.585425
2012-04-18,57.02,58.43,57.02,58.209999,205000,21.263101
2012-04-17,56.970001,58.82,56.869999,57.470001,275800,20.992793
2012-04-16,57.200001,57.610001,56.82,57.099998,368400,20.857637
2012-04-13,58.389999,59.00,56.740002,57.419998,492800,20.974528
2012-04-12,56.50,58.900002,55.52,58.310001,641400,21.29963
2012-04-11,54.110001,55.740002,54.00,55.52,682400,20.280492
2012-04-10,51.790001,54.82,50.66,53.369999,886400,19.495133
2012-04-09,55.099998,55.529999,50.419998,52.00,1429200,18.994696
2012-04-05,56.799999,57.200001,55.450001,55.919998,447600,20.426604
2012-04-04,56.880001,57.380001,56.66,57.209999,334400,20.897819
2012-04-03,58.009998,58.25,56.650002,57.380001,872600,20.959917
2012-04-02,59.759998,60.50,58.02,58.380001,810800,21.3252
2012-03-30,59.919998,60.889999,56.689999,60.099998,1012200,21.953485
2012-03-29,64.459999,64.459999,59.02,61.09,1462800,22.315116
2012-03-28,66.510002,66.510002,64.629997,65.150002,413400,23.798164
2012-03-27,67.839996,67.839996,66.50,66.779999,177000,24.393573
2012-03-26,67.00,68.110001,67.00,67.769997,134600,24.755202
2012-03-23,67.059998,67.93,66.730003,66.730003,111200,24.375311
2012-03-22,67.019997,67.339996,66.599998,66.720001,135200,24.371657
2012-03-21,66.889999,67.410004,66.559998,66.910004,223000,24.441062
2012-03-20,66.75,67.18,66.519997,66.839996,85400,24.415489
2012-03-19,66.389999,67.870003,65.760002,67.169998,383000,24.536033
2012-03-16,67.510002,67.540001,65.150002,66.690002,557000,24.360699
2012-03-15,69.610001,69.610001,66.690002,67.809998,523200,24.769814
2012-03-14,69.919998,70.00,68.50,69.239998,109000,25.292168
2012-03-13,70.629997,70.629997,69.510002,69.800003,177800,25.496728
2012-03-12,70.730003,70.860001,70.400002,70.620003,146600,25.79626
2012-03-09,70.68,70.959999,70.279999,70.739998,87800,25.840092
2012-03-08,70.830002,71.00,70.50,70.669998,53800,25.814522
2012-03-07,69.919998,70.589996,69.540001,70.580002,121000,25.781648
2012-03-06,70.75,70.75,69.25,69.989998,208000,25.56613
2012-03-05,71.489998,71.650002,70.860001,70.959999,206800,25.920455
2012-03-02,72.559998,73.379997,71.620003,71.709999,158400,26.194417
2012-03-01,71.629997,73.099998,71.010002,72.849998,146000,26.610839
2012-02-29,71.32,72.239998,71.309998,71.769997,139200,26.216333
2012-02-28,71.959999,72.089996,71.25,71.400002,150000,26.08118
2012-02-27,70.940002,71.790001,70.529999,71.50,174800,26.117708
2012-02-24,69.00,71.370003,68.349998,70.949997,244400,25.916801
2012-02-23,68.660004,69.199997,68.650002,69.040001,269600,25.219113
2012-02-22,69.00,69.019997,68.360001,68.93,277200,25.178931
2012-02-21,70.510002,70.75,69.019997,69.150002,727800,25.259294
2012-02-17,72.900002,73.059998,70.309998,70.830002,344000,25.872969
2012-02-16,73.00,73.00,72.07,72.779999,163800,26.585269
2012-02-15,73.129997,73.129997,72.160004,72.339996,139800,26.424544
2012-02-14,73.559998,74.059998,72.260002,72.260002,120800,26.395323
2012-02-13,73.480003,73.800003,72.50,73.00,189800,26.665632
2012-02-10,73.849998,74.190002,72.75,73.059998,145000,26.687548
2012-02-09,73.760002,74.959999,73.510002,74.290001,175000,27.136847
2012-02-08,77.099998,77.660004,73.779999,73.949997,456400,27.012649
2012-02-07,77.779999,77.790001,77.040001,77.099998,80200,28.16329
2012-02-06,77.199997,78.00,76.760002,77.779999,96800,28.411682
2012-02-03,78.519997,78.900002,77.360001,77.470001,110400,28.298445
2012-02-02,79.900002,80.099998,78.50,78.769997,147800,28.411681
2012-02-01,79.75,80.099998,79.059998,79.760002,130200,28.768768
2012-01-31,79.00,79.889999,77.93,79.349998,118800,28.620883
2012-01-30,78.25,78.650002,77.50,78.18,113000,28.198875
2012-01-27,77.550003,79.410004,77.550003,78.25,107400,28.224123
2012-01-26,79.540001,79.540001,77.790001,78.160004,105800,28.191662
2012-01-25,78.120003,78.389999,77.550003,78.199997,99000,28.206087
2012-01-24,79.00,79.779999,78.00,78.540001,72000,28.328724
2012-01-23,79.139999,79.870003,78.550003,79.080002,109800,28.523498
2012-01-20,78.00,78.50,77.720001,78.389999,108600,28.27462
2012-01-19,78.099998,78.739998,77.489998,77.919998,177600,28.105094
2012-01-18,79.260002,80.239998,78.480003,78.610001,140200,28.353972
2012-01-17,78.470001,80.349998,78.099998,79.720001,156800,28.75434
2012-01-13,78.00,78.449997,77.150002,77.940002,104800,28.112309
2012-01-12,79.610001,79.989998,78.279999,78.769997,86400,28.411681
2012-01-11,79.519997,80.419998,79.00,79.029999,135200,28.505462
2012-01-10,81.029999,81.739998,79.00,79.800003,151000,28.783196
2012-01-09,82.669998,82.669998,80.00,80.779999,170200,29.136672
2012-01-06,82.18,83.800003,80.529999,82.199997,336400,29.648854
2012-01-05,79.809998,82.739998,78.209999,82.18,546600,29.641641
2012-01-04,76.699997,80.00,76.50,80.00,189600,28.855333
2012-01-03,76.739998,77.400002,76.279999,76.650002,165000,27.647017
2011-12-30,76.50,76.75,75.510002,75.580002,126000,27.261077
2011-12-29,76.379997,77.00,76.029999,76.82,129800,27.708334
2011-12-28,76.330002,76.440002,75.300003,76.120003,66200,27.455851
2011-12-27,76.379997,76.379997,74.82,75.970001,122600,27.401746
2011-12-23,76.029999,76.849998,74.959999,76.379997,104400,27.549629
2011-12-22,75.919998,76.139999,74.620003,75.639999,122000,27.282717
2011-12-21,73.650002,76.00,73.400002,76.00,193200,27.412567
2011-12-20,73.550003,74.540001,72.760002,73.650002,163200,26.564942
2011-12-19,73.989998,74.849998,72.489998,73.50,145200,26.510837
2011-12-16,72.699997,74.790001,72.699997,73.300003,132000,26.4387
2011-12-15,71.690002,72.760002,71.099998,72.529999,94200,26.160966
2011-12-14,70.68,71.769997,70.300003,71.089996,67400,25.641569
2011-12-13,72.160004,72.489998,70.309998,71.989998,137600,25.966192
2011-12-12,72.25,72.25,71.010002,71.279999,84800,25.710102
2011-12-09,72.029999,72.779999,71.660004,72.230003,71200,26.05276
2011-12-08,72.769997,73.129997,71.959999,72.07,89800,25.995048
2011-12-07,74.040001,74.040001,72.669998,73.309998,69400,26.442305
2011-12-06,73.400002,74.089996,71.889999,73.809998,82200,26.622651
2011-12-05,74.489998,74.50,73.230003,73.260002,76400,26.424272
2011-12-02,72.809998,74.279999,72.720001,74.150002,117000,26.745288
2011-12-01,71.410004,72.75,71.32,72.690002,92800,26.218678
2011-11-30,71.440002,72.910004,71.389999,71.449997,115800,25.771418
2011-11-29,70.32,71.43,70.32,71.129997,73600,25.655997
2011-11-28,69.589996,71.349998,69.010002,70.75,128600,25.518935
2011-11-25,69.830002,70.339996,68.669998,68.669998,32600,24.768696
2011-11-23,71.419998,71.790001,69.330002,69.440002,81000,25.04643
2011-11-22,71.639999,72.300003,71.019997,71.940002,74400,25.948159
2011-11-21,71.120003,71.120003,68.57,70.760002,147000,25.522543
2011-11-18,72.860001,72.889999,71.470001,71.900002,83200,25.933731
2011-11-17,72.989998,73.00,72.00,72.25,90000,26.059973
2011-11-16,73.449997,74.290001,73.449997,73.50,45800,26.510837
2011-11-15,73.449997,74.489998,73.25,73.599998,75200,26.546906
2011-11-14,74.120003,74.50,73.50,74.25,99400,26.781356
2011-11-11,74.00,74.50,73.059998,73.339996,60600,26.453126
2011-11-10,73.290001,73.879997,72.00,73.790001,116200,26.615438
2011-11-09,73.400002,74.029999,71.309998,71.889999,101400,25.930124
2011-11-08,74.010002,74.809998,73.739998,74.00,80800,26.691183
2011-11-07,73.410004,75.25,73.00,73.660004,96400,26.568549
2011-11-04,73.260002,74.93,71.900002,74.800003,62600,26.979738
2011-11-03,74.029999,74.889999,72.730003,73.940002,96800,26.669543
2011-11-02,74.50,75.989998,73.720001,74.639999,121800,26.577564
2011-11-01,73.830002,75.00,73.150002,73.650002,118000,26.225049
2011-10-31,75.849998,76.669998,74.739998,75.93,163200,27.036903
2011-10-28,73.00,75.980003,72.260002,75.910004,262600,27.029783
2011-10-27,70.230003,72.989998,70.230003,72.599998,136400,25.851167
2011-10-26,70.940002,70.940002,69.050003,70.129997,85800,24.971657
2011-10-25,72.080002,72.080002,69.519997,70.129997,124000,24.971657
2011-10-24,70.580002,72.18,70.580002,71.589996,106600,25.491529
2011-10-21,71.029999,71.209999,69.559998,70.580002,96000,25.131893
2011-10-20,69.400002,70.300003,68.610001,69.639999,77400,24.79718
2011-10-19,69.989998,71.330002,69.169998,69.459999,93800,24.733086
2011-10-18,68.720001,70.599998,68.290001,70.449997,75000,25.085602
2011-10-17,70.940002,71.510002,68.599998,69.209999,121200,24.644067
2011-10-14,70.00,71.709999,69.980003,71.470001,77200,25.448801
2011-10-13,68.50,70.00,68.00,70.00,78600,24.925368
2011-10-12,68.93,69.989998,68.18,68.860001,123800,24.519441
2011-10-11,66.290001,68.339996,66.010002,67.739998,139400,24.120634
2011-10-10,65.620003,66.980003,65.410004,66.559998,147600,23.700463
2011-10-07,66.459999,66.68,64.669998,65.32,208600,23.258929
2011-10-06,64.82,66.589996,63.610001,65.860001,118800,23.451211
2011-10-05,61.080002,65.949997,60.68,64.610001,231200,23.006115
2011-10-04,62.970001,63.970001,58.00,60.66,484600,21.599612
2011-10-03,64.019997,65.510002,61.470001,64.029999,288800,22.79959
2011-09-30,65.690002,66.709999,65.00,65.559998,85800,23.344387
2011-09-29,66.919998,67.790001,65.169998,65.769997,83600,23.419163
2011-09-28,68.080002,69.089996,65.830002,65.830002,135200,23.440529
2011-09-27,69.00,70.300003,67.029999,67.790001,152200,24.138439
2011-09-26,67.449997,67.980003,66.00,67.959999,151200,24.198971
2011-09-23,68.019997,68.650002,66.419998,67.389999,143800,23.996008
2011-09-22,68.519997,69.510002,66.360001,67.970001,299200,24.202533
2011-09-21,72.00,72.139999,69.889999,70.07,281000,24.950293
2011-09-20,71.959999,73.040001,71.129997,72.400002,188800,25.779953
2011-09-19,69.75,71.860001,69.059998,71.849998,111000,25.584109
2011-09-16,71.540001,72.160004,69.68,70.300003,204000,25.032192
2011-09-15,71.650002,72.50,71.260002,71.699997,95400,25.530697
2011-09-14,71.889999,71.900002,70.550003,71.489998,58800,25.455922
2011-09-13,71.629997,72.360001,70.470001,71.25,70800,25.370464
2011-09-12,70.709999,71.940002,70.050003,71.720001,120600,25.53782
2011-09-09,71.239998,72.400002,70.209999,70.809998,57800,25.213789
2011-09-08,72.580002,72.730003,71.18,72.080002,50200,25.666008
2011-09-07,71.849998,73.00,71.57,72.699997,85400,25.886774
2011-09-06,70.540001,70.959999,69.510002,70.599998,94800,25.139014
2011-09-02,72.010002,73.029999,70.610001,72.949997,192200,25.975793
2011-09-01,71.50,73.68,71.470001,73.389999,181600,26.132468
2011-08-31,73.599998,74.82,71.669998,71.870003,140000,25.591233
2011-08-30,73.360001,73.940002,72.010002,73.139999,274200,26.043449
2011-08-29,70.07,72.739998,69.889999,72.370003,154200,25.769271
2011-08-26,67.980003,69.959999,67.32,69.580002,83200,24.775817
2011-08-25,69.190002,69.839996,67.800003,68.209999,121000,24.287991
2011-08-24,69.290001,70.029999,67.980003,69.519997,150400,24.75445
2011-08-23,66.349998,69.57,66.349998,69.110001,216600,24.60846
2011-08-22,68.360001,69.480003,66.010002,66.230003,237000,23.58296
2011-08-19,70.110001,72.739998,67.900002,68.349998,295200,24.337841
2011-08-18,71.029999,72.129997,69.019997,71.339996,338600,25.40251
2011-08-17,72.75,73.980003,72.230003,72.470001,125800,25.804878
2011-08-16,73.080002,73.25,71.739998,72.760002,100600,25.908141
2011-08-15,70.919998,73.669998,70.900002,72.760002,149600,25.908141
2011-08-12,72.50,73.00,70.50,70.889999,179000,25.242276
2011-08-11,70.809998,72.059998,69.110001,70.75,216200,25.192426
2011-08-10,68.650002,73.989998,65.410004,70.589996,293800,25.135452
2011-08-09,63.509998,70.00,63.509998,69.370003,395600,24.701041
2011-08-08,66.169998,67.150002,61.00,62.950001,637400,22.415028
2011-08-05,71.389999,72.540001,65.809998,69.339996,586000,24.690356
2011-08-04,72.919998,73.010002,70.419998,71.379997,326400,25.416753
2011-08-03,74.269997,75.190002,71.07,73.550003,330800,26.189441
2011-08-02,76.519997,76.720001,74.849998,74.919998,206800,26.348607
2011-08-01,78.510002,80.669998,74.959999,76.480003,422200,26.897245
2011-07-29,75.139999,77.660004,74.510002,76.809998,148000,27.013301
2011-07-28,78.150002,78.150002,75.849998,75.940002,107800,26.707332
2011-07-27,75.120003,77.190002,75.00,75.50,231000,26.552588
2011-07-26,78.010002,78.370003,75.599998,75.699997,228600,26.622925
2011-07-25,78.190002,79.379997,78.18,78.389999,137600,27.568971
2011-07-22,79.019997,79.540001,78.50,79.449997,161800,27.941762
2011-07-21,79.209999,79.870003,78.50,78.959999,147000,27.769435
2011-07-20,79.00,79.739998,78.339996,78.879997,101200,27.741299
2011-07-19,77.980003,78.510002,76.919998,78.330002,89800,27.547871
2011-07-18,76.50,77.919998,75.510002,77.169998,164000,27.139909
2011-07-15,76.160004,76.459999,75.18,75.529999,197800,26.563138
2011-07-14,76.82,77.389999,75.510002,75.959999,120000,26.714365
2011-07-13,76.150002,77.690002,76.150002,76.190002,92600,26.795255
2011-07-12,76.43,77.300003,75.760002,75.949997,124600,26.710847
2011-07-11,78.269997,78.889999,75.599998,77.00,227000,27.080123
2011-07-08,78.449997,79.400002,77.760002,78.949997,142000,27.765917
2011-07-07,79.50,79.760002,78.360001,79.440002,199800,27.938247
2011-07-06,78.68,78.949997,76.970001,77.559998,116200,27.277068
2011-07-05,78.00,79.260002,76.739998,77.989998,206200,27.428295
2011-07-01,77.660004,77.849998,76.209999,77.709999,107600,27.329822
2011-06-30,77.290001,77.839996,77.129997,77.449997,166000,27.238382
2011-06-29,75.809998,77.330002,75.220001,77.010002,191200,27.08364
2011-06-28,74.669998,75.809998,74.360001,75.610001,118600,26.591274
2011-06-27,74.650002,75.470001,73.57,74.410004,156000,26.169247
2011-06-24,74.00,74.660004,73.32,74.650002,116800,26.253652
2011-06-23,71.709999,74.00,70.989998,73.50,181000,25.849208
2011-06-22,72.900002,73.800003,72.32,73.139999,153800,25.722599
2011-06-21,71.220001,72.949997,71.18,72.699997,152200,25.567855
2011-06-20,70.260002,70.940002,69.339996,70.830002,192200,24.910197
2011-06-17,71.309998,71.940002,69.260002,69.779999,250400,24.540921
2011-06-16,71.00,72.809998,69.43,70.150002,254800,24.671047
2011-06-15,72.389999,72.50,71.00,71.239998,151600,25.054388
2011-06-14,70.980003,73.480003,70.739998,72.870003,226800,25.627644
2011-06-13,70.68,71.389999,68.889999,69.360001,253000,24.393212
2011-06-10,69.879997,69.940002,68.410004,69.07,154000,24.291222
2011-06-09,68.050003,69.419998,68.050003,69.370003,122400,24.39673
2011-06-08,69.32,70.00,67.650002,67.839996,226400,23.858642
2011-06-07,69.120003,70.220001,69.00,69.440002,179400,24.421348
2011-06-06,69.790001,70.809998,69.089996,69.089996,210200,24.298254
2011-06-03,69.559998,70.919998,69.199997,69.599998,176000,24.477617
2011-06-02,70.709999,71.120003,69.309998,70.260002,299800,24.709733
2011-06-01,73.010002,73.690002,70.769997,70.949997,256000,24.952398
2011-05-31,73.50,73.809998,72.220001,72.879997,156400,25.631159
2011-05-27,72.650002,73.50,72.260002,72.75,128200,25.585441
2011-05-26,71.139999,72.650002,71.019997,72.50,173400,25.497518
2011-05-25,70.029999,72.099998,70.029999,71.330002,145400,25.086042
2011-05-24,70.169998,72.25,70.169998,70.669998,276200,24.853925
2011-05-23,71.449997,71.790001,70.00,70.529999,414400,24.804689
2011-05-20,72.370003,72.830002,71.239998,72.389999,180400,25.458832
2011-05-19,72.00,73.239998,71.00,72.25,223800,25.409596
2011-05-18,68.970001,72.43,67.660004,71.68,459400,25.209132
2011-05-17,68.800003,69.260002,66.529999,68.309998,781400,24.023937
2011-05-16,69.279999,71.110001,69.059998,69.07,265400,24.291222
2011-05-13,71.550003,71.599998,69.129997,69.800003,228000,24.547956
2011-05-12,71.550003,72.00,68.800003,70.769997,504600,24.889093
2011-05-11,74.800003,75.00,72.00,72.139999,389600,25.37091
2011-05-10,75.870003,75.870003,74.50,74.809998,158200,26.309921
2011-05-09,72.169998,75.389999,72.010002,75.389999,258000,26.513902
2011-05-06,73.489998,74.239998,72.699997,72.989998,282000,25.669845
2011-05-05,74.110001,74.75,70.709999,72.220001,559600,25.399045
2011-05-04,76.440002,76.440002,74.110001,74.910004,329400,26.345092
2011-05-03,80.00,80.260002,76.68,77.279999,322000,26.865592
2011-05-02,82.550003,82.75,80.50,80.580002,268000,28.012804
2011-04-29,80.480003,82.400002,79.730003,82.360001,322000,28.631602
2011-04-28,79.25,80.00,78.290001,79.410004,178000,27.606066
2011-04-27,77.360001,78.970001,76.400002,78.07,330000,27.140227
2011-04-26,75.110001,77.00,75.110001,75.959999,263400,26.406708
2011-04-25,75.849998,76.480003,74.650002,74.949997,203800,26.055591
2011-04-21,75.010002,76.480003,74.510002,76.480003,173800,26.587482
2011-04-20,74.110001,75.360001,73.959999,75.010002,246400,26.076451
2011-04-19,75.00,75.190002,72.010002,73.470001,375400,25.541086
2011-04-18,73.970001,74.68,72.50,74.080002,285800,25.753146
2011-04-15,74.860001,75.400002,73.300003,75.230003,714200,26.152932
2011-04-14,77.849998,77.870003,74.400002,74.860001,654800,26.024304
2011-04-13,77.830002,78.68,77.010002,78.300003,173800,27.220186
2011-04-12,78.209999,78.239998,75.019997,77.419998,489200,26.914261
2011-04-11,81.00,81.440002,78.440002,78.949997,277800,27.446149
2011-04-08,81.349998,81.800003,80.610001,81.07,63600,28.183146
2011-04-07,81.510002,82.00,80.660004,81.019997,103600,28.165763
2011-04-06,82.199997,82.459999,81.199997,81.50,157600,28.332631
2011-04-05,82.699997,82.889999,81.57,82.029999,150400,28.51688
2011-04-04,81.68,82.739998,80.919998,82.650002,235800,28.732418
2011-04-01,82.099998,82.43,81.099998,81.690002,150800,28.398684
2011-03-31,81.400002,81.980003,81.190002,81.43,197600,28.308297
2011-03-30,81.040001,81.610001,80.300003,81.339996,243800,28.277008
2011-03-29,83.00,83.00,80.650002,80.760002,221000,28.075379
2011-03-28,83.00,83.75,82.129997,83.25,164000,28.941001
2011-03-25,81.900002,83.00,81.870003,82.089996,116800,28.537738
2011-03-24,81.660004,82.849998,81.129997,81.870003,183000,28.461259
2011-03-23,83.370003,83.370003,80.830002,81.599998,285000,28.367395
2011-03-22,82.769997,83.559998,82.120003,82.75,139400,28.767181
2011-03-21,83.690002,84.00,82.110001,82.800003,259200,28.784564
2011-03-18,83.860001,84.099998,78.599998,79.68,497000,27.699927
2011-03-17,77.639999,81.410004,77.290001,81.07,498800,28.183146
2011-03-16,75.25,77.349998,74.510002,76.669998,298200,26.653531
2011-03-15,72.769997,76.50,72.720001,75.099998,230800,26.107737
2011-03-14,74.00,76.410004,73.300003,76.339996,210400,26.53881
2011-03-11,71.059998,74.029999,70.650002,73.290001,211200,25.47851
2011-03-10,73.989998,74.559998,71.199997,72.110001,451400,25.068295
2011-03-09,77.099998,77.389999,73.68,75.449997,318000,26.229411
2011-03-08,76.540001,77.389999,75.709999,77.099998,115800,26.803016
2011-03-07,77.790001,77.790001,77.019997,77.160004,178600,26.823877
2011-03-04,77.860001,77.970001,77.019997,77.160004,122000,26.823877
2011-03-03,77.50,77.739998,76.849998,77.230003,152200,26.848211
2011-03-02,76.720001,77.239998,76.129997,76.989998,93600,26.764776
2011-03-01,78.010002,78.160004,76.00,76.739998,211400,26.677866
2011-02-28,77.00,77.900002,76.440002,77.239998,182200,26.851686
2011-02-25,76.339996,76.730003,75.50,76.400002,201600,26.55967
2011-02-24,74.00,75.220001,73.959999,75.209999,185000,26.145978
2011-02-23,73.690002,74.529999,72.50,73.779999,183600,25.648853
2011-02-22,76.00,76.650002,73.470001,73.68,353800,25.61409
2011-02-18,75.309998,76.309998,74.769997,75.360001,323200,26.198124
2011-02-17,75.849998,76.019997,74.830002,75.080002,113200,26.100786
2011-02-16,75.00,76.739998,74.599998,75.779999,178000,26.344132
2011-02-15,75.50,76.309998,74.190002,74.980003,269400,26.066022
2011-02-14,73.00,76.07,72.690002,75.599998,289400,26.281557
2011-02-11,72.279999,72.970001,71.610001,72.790001,143600,25.30469
2011-02-10,71.620003,72.50,70.790001,72.18,189400,25.09263
2011-02-09,72.150002,72.989998,71.029999,71.629997,160800,24.901427
2011-02-08,71.599998,73.190002,70.650002,72.139999,272400,25.078724
2011-02-07,71.830002,72.059998,70.510002,70.760002,203800,24.598982
2011-02-04,71.00,71.940002,70.760002,71.110001,142400,24.720656
2011-02-03,70.540001,71.589996,70.360001,70.989998,181600,24.678938
2011-02-02,72.190002,72.43,71.110001,71.410004,237800,24.525979
2011-02-01,71.809998,72.529999,71.25,71.690002,335000,24.622146
2011-01-31,70.00,72.089996,68.75,70.25,493400,24.127573
2011-01-28,68.269997,69.050003,67.50,68.459999,173600,23.512791
2011-01-27,67.489998,68.309998,67.489998,68.139999,159600,23.402887
2011-01-26,67.00,68.650002,66.949997,67.910004,215600,23.323894
2011-01-25,67.43,68.040001,66.209999,66.800003,202200,22.942661
2011-01-24,65.660004,68.129997,65.480003,68.029999,245400,23.365106
2011-01-21,64.669998,65.870003,64.669998,64.959999,272000,22.310706
2011-01-20,66.669998,66.959999,62.419998,64.480003,722800,22.14585
2011-01-19,69.00,69.760002,66.669998,67.279999,309800,23.107517
2011-01-18,70.50,70.50,69.059998,69.18,168000,23.760078
2011-01-14,70.400002,70.580002,70.010002,70.379997,134800,24.17222
2011-01-13,70.00,70.519997,70.00,70.300003,99000,24.144746
2011-01-12,70.809998,70.989998,70.080002,70.370003,179000,24.168788
2011-01-11,69.50,70.93,69.349998,70.339996,262800,24.158482
2011-01-10,69.910004,69.940002,68.730003,69.25,171800,23.78412
2011-01-07,69.849998,70.00,68.370003,68.830002,119200,23.63987
2011-01-06,68.949997,69.419998,67.580002,68.790001,295800,23.626132
2011-01-05,67.230003,68.269997,66.730003,67.239998,182400,23.093778
2011-01-04,67.870003,68.809998,66.089996,66.830002,238000,22.952964
2011-01-03,66.169998,68.059998,65.870003,67.849998,225800,23.303285
2010-12-31,65.18,65.910004,65.00,65.760002,100600,22.585469
2010-12-30,65.190002,66.110001,65.190002,65.199997,99200,22.393134
2010-12-29,64.669998,65.50,64.519997,65.279999,134200,22.420611
2010-12-28,64.610001,65.00,64.510002,64.660004,129200,22.207672
2010-12-27,65.00,65.00,64.050003,64.360001,126600,22.104635
2010-12-23,64.860001,65.00,64.099998,64.25,145800,22.066855
2010-12-22,64.739998,64.93,64.290001,64.589996,123400,22.183627
2010-12-21,64.519997,64.980003,64.199997,64.739998,148400,22.235146
2010-12-20,63.299999,64.529999,63.299999,64.150002,198200,22.03251
2010-12-17,63.900002,64.650002,63.119999,63.189999,168800,21.702794
2010-12-16,63.00,64.150002,62.599998,63.889999,132600,21.943211
2010-12-15,63.950001,64.389999,63.00,63.200001,202400,21.706229
2010-12-14,64.660004,64.669998,63.57,63.900002,115600,21.946647
2010-12-13,64.75,64.75,64.209999,64.349998,133400,22.101199
2010-12-10,64.290001,64.68,63.50,63.919998,154000,21.953514
2010-12-09,64.099998,64.129997,63.509998,63.75,116200,21.895128
2010-12-08,64.709999,64.860001,63.509998,63.509998,118000,21.812699
2010-12-07,65.260002,65.260002,64.110001,64.510002,205800,22.156153
2010-12-06,63.75,64.68,63.669998,63.68,189600,21.871087
2010-12-03,64.57,65.190002,63.669998,64.489998,142200,22.149283
2010-12-02,64.50,64.75,63.290001,64.629997,245000,22.197366
2010-12-01,64.50,64.50,62.240002,63.41,367200,21.778354
2010-11-30,61.75,62.59,61.110001,62.00,235600,21.294085
2010-11-29,61.349998,61.689999,60.50,61.080002,139200,20.978109
2010-11-26,60.25,61.389999,60.25,61.389999,74000,21.084579
2010-11-24,61.00,61.00,60.07,60.25,79600,20.693043
2010-11-23,61.259998,61.259998,60.119999,60.459999,184000,20.765167
2010-11-22,61.080002,61.450001,60.459999,61.23,135200,21.029626
2010-11-19,60.650002,61.330002,60.169998,60.830002,89600,20.892246
2010-11-18,60.16,61.50,60.16,60.990002,181000,20.947198
2010-11-17,60.00,60.490002,59.57,60.009998,105600,20.610613
2010-11-16,61.150002,61.150002,59.119999,60.150002,173400,20.658698
2010-11-15,61.439999,61.799999,60.400002,61.200001,262800,21.019323
2010-11-12,60.560001,60.959999,60.290001,60.529999,144800,20.789209
2010-11-11,60.490002,61.400002,60.16,61.16,204000,21.005585
2010-11-10,60.57,60.950001,59.48,60.139999,204200,20.655263
2010-11-09,59.91,60.950001,59.540001,60.41,324000,20.747995
2010-11-08,59.650002,59.849998,59.009998,59.830002,344800,20.548793
2010-11-05,60.709999,61.00,59.27,59.970001,206600,20.596876
2010-11-04,60.150002,61.00,59.59,60.41,249600,20.747995
2010-11-03,59.029999,59.48,58.360001,59.310001,289400,20.370197
2010-11-02,59.59,59.91,59.130001,59.610001,181000,20.188166
2010-11-01,59.00,60.00,59.00,59.450001,247800,20.133979
2010-10-29,58.439999,58.970001,58.07,58.84,208400,19.927389
2010-10-28,59.25,59.50,58.099998,58.66,257400,19.866429
2010-10-27,60.450001,60.740002,55.990002,59.450001,638400,20.133979
2010-10-26,61.00,61.119999,60.66,60.990002,166200,20.655532
2010-10-25,60.959999,61.220001,60.50,60.959999,214400,20.645371
2010-10-22,60.09,60.759998,60.00,60.450001,96800,20.47265
2010-10-21,60.93,61.18,60.25,60.450001,118600,20.47265
2010-10-20,61.32,61.419998,60.599998,61.18,197800,20.719879
2010-10-19,60.48,61.09,60.259998,60.720001,134400,20.564091
2010-10-18,61.049999,61.09,60.200001,61.00,175400,20.658918
2010-10-15,60.860001,61.470001,60.200001,60.470001,100400,20.479423
2010-10-14,61.110001,61.75,60.200001,60.860001,286200,20.611504
2010-10-13,62.549999,62.59,61.00,61.50,186400,20.828254
2010-10-12,61.599998,61.73,60.580002,61.599998,225600,20.86212
2010-10-11,62.00,62.91,61.599998,61.619999,176000,20.868894
2010-10-08,61.00,62.470001,60.549999,61.98,219000,20.990815
2010-10-07,60.200001,61.279999,59.540001,61.099998,139000,20.692785
2010-10-06,59.75,60.93,59.68,60.169998,138200,20.377821
2010-10-05,59.080002,59.889999,58.529999,59.75,156000,20.23558
2010-10-04,58.599998,58.860001,58.209999,58.529999,125000,19.822401
2010-10-01,58.75,58.75,58.099998,58.599998,167600,19.846108
2010-09-30,58.639999,58.889999,57.919998,58.34,203800,19.758054
2010-09-29,59.400002,59.669998,58.25,58.25,208000,19.727574
2010-09-28,60.349998,60.860001,59.41,59.709999,148000,20.222033
2010-09-27,60.07,60.950001,60.00,60.689999,161200,20.55393
2010-09-24,60.00,60.25,59.50,60.189999,157800,20.384594
2010-09-23,59.200001,59.98,59.049999,59.490002,148800,20.147526
2010-09-22,58.279999,59.689999,58.110001,59.32,158000,20.089951
2010-09-21,60.259998,60.950001,58.509998,58.509998,292800,19.815627
2010-09-20,59.099998,60.200001,58.77,60.189999,268400,20.384594
2010-09-17,58.279999,59.98,57.459999,59.509998,251600,20.154298
2010-09-16,57.509998,58.810001,57.459999,57.919998,134200,19.615812
2010-09-15,58.200001,58.200001,57.299999,57.75,115800,19.558238
2010-09-14,57.02,59.32,57.00,57.790001,191600,19.571785
2010-09-13,57.59,59.400002,57.59,58.73,272000,19.890135
2010-09-10,56.34,58.52,56.32,57.040001,328800,19.317782
2010-09-09,56.27,56.560001,55.759998,56.279999,131400,19.060392
2010-09-08,55.849998,56.32,55.369999,55.959999,138200,18.952017
2010-09-07,54.220001,55.580002,53.93,55.580002,165200,18.823323
2010-09-03,55.799999,56.080002,54.50,54.619999,236000,18.498198
2010-09-02,55.650002,56.330002,55.59,55.91,120600,18.935084
2010-09-01,54.73,56.98,54.709999,56.23,252200,19.043458
2010-08-31,54.200001,54.59,53.869999,54.07,115600,18.31193
2010-08-30,55.41,55.540001,53.860001,54.16,143000,18.34241
2010-08-27,54.040001,55.380001,53.849998,55.220001,119000,18.701401
2010-08-26,54.25,54.330002,53.630001,54.080002,150000,18.315317
2010-08-25,53.599998,54.290001,53.50,53.869999,291400,18.244195
2010-08-24,54.00,54.419998,52.950001,54.349998,311200,18.406757
2010-08-23,53.599998,54.75,53.509998,54.689999,278800,18.521905
2010-08-20,52.50,53.50,52.419998,53.50,144800,18.118887
2010-08-19,52.400002,53.099998,52.400002,53.049999,116000,17.966485
2010-08-18,52.509998,52.939999,51.84,52.91,126200,17.919071
2010-08-17,53.040001,53.25,52.540001,52.630001,266600,17.824244
2010-08-16,50.630001,52.75,50.610001,52.599998,348600,17.814083
2010-08-13,50.50,50.740002,49.349998,50.25,251600,17.018207
2010-08-12,49.189999,49.709999,48.669998,49.110001,277600,16.632123
2010-08-11,51.279999,51.740002,49.700001,49.82,214200,16.872579
2010-08-10,52.439999,52.84,51.509998,51.540001,140200,17.455093
2010-08-09,51.990002,52.849998,51.779999,52.119999,250200,17.651521
2010-08-06,52.139999,52.470001,51.799999,51.84,138600,17.556694
2010-08-05,52.240002,52.709999,51.779999,52.16,155400,17.665068
2010-08-04,51.889999,53.25,51.00,52.369999,265400,17.736189
2010-08-03,53.099998,53.360001,52.310001,52.57,302000,17.529601
2010-08-02,53.84,53.990002,52.490002,52.759998,310600,17.592956
2010-07-30,51.150002,52.25,50.09,52.23,284200,17.416227
2010-07-29,50.290001,51.18,49.849998,50.98,275800,16.999411
2010-07-28,49.040001,49.84,48.869999,49.799999,224600,16.605937
2010-07-27,50.43,50.75,47.580002,48.689999,363000,16.235804
2010-07-26,49.00,50.25,48.560001,49.560001,345400,16.525909
2010-07-23,48.549999,48.959999,46.599998,47.369999,420600,15.795647
2010-07-22,49.02,49.740002,48.82,49.040001,288400,16.352513
2010-07-21,48.970001,49.00,48.549999,48.900002,162000,16.30583
2010-07-20,47.759998,48.779999,47.759998,48.549999,194800,16.189121
2010-07-19,48.490002,48.599998,47.91,48.119999,83600,16.045736
2010-07-16,48.290001,48.470001,47.759998,48.07,108200,16.029064
2010-07-15,48.110001,48.43,47.700001,48.32,92200,16.112427
2010-07-14,47.849998,48.509998,47.849998,48.169998,128600,16.062409
2010-07-13,47.889999,48.25,47.369999,48.200001,191000,16.072413
2010-07-12,47.07,47.720001,47.07,47.209999,88400,15.742295
2010-07-09,47.91,47.91,47.34,47.380001,153000,15.798982
2010-07-08,47.25,47.52,46.740002,47.240002,148800,15.752299
2010-07-07,46.060001,47.25,45.599998,47.139999,132800,15.718953
2010-07-06,44.830002,46.330002,44.810001,45.52,121800,15.17876
2010-07-02,44.380001,45.619999,44.380001,44.799999,102800,14.938674
2010-07-01,45.18,45.18,43.00,44.380001,214400,14.798625
2010-06-30,45.990002,46.330002,44.599998,44.970001,167600,14.995362
2010-06-29,46.57,47.00,45.290001,45.98,162800,15.332148
2010-06-28,47.209999,47.810001,47.209999,47.509998,140400,15.84233
2010-06-25,47.00,47.549999,46.73,47.119999,120400,15.712284
2010-06-24,46.450001,47.48,46.450001,46.98,132000,15.665601
2010-06-23,47.00,47.200001,46.220001,46.439999,103200,15.485536
2010-06-22,47.00,47.490002,46.50,46.580002,113200,15.532221
2010-06-21,47.700001,47.700001,46.91,47.009998,145000,15.675604
2010-06-18,46.50,47.73,46.50,47.080002,175400,15.698947
2010-06-17,47.330002,47.50,46.400002,46.889999,71000,15.63559
2010-06-16,47.450001,47.75,46.849998,47.459999,181600,15.825658
2010-06-15,47.439999,47.759998,47.040001,47.380001,135800,15.798982
2010-06-14,47.00,47.650002,46.630001,46.990002,153000,15.668936
2010-06-11,45.48,46.919998,45.48,46.68,81800,15.565565
2010-06-10,45.59,46.50,45.07,46.34,144400,15.452191
2010-06-09,44.580002,45.669998,44.080002,44.619999,125800,14.878653
2010-06-08,44.419998,44.50,43.16,44.200001,133200,14.738603
2010-06-07,44.389999,45.009998,43.279999,43.700001,145200,14.571877
2010-06-04,45.189999,45.689999,43.68,44.360001,205200,14.791955
2010-06-03,45.52,45.959999,44.599998,45.900002,134600,15.305473
2010-06-02,42.990002,45.00,42.73,44.790001,181400,14.93534
2010-06-01,44.50,44.740002,43.110001,43.349998,232600,14.455168
2010-05-28,46.290001,46.540001,45.34,45.450001,121400,15.155419
2010-05-27,45.00,45.900002,44.740002,45.889999,186200,15.302137
2010-05-26,43.240002,45.02,43.23,43.830002,265600,14.615226
2010-05-25,40.669998,42.630001,40.099998,42.450001,220400,14.155061
2010-05-24,42.150002,43.080002,41.66,42.52,254400,14.178403
2010-05-21,39.75,42.419998,39.00,42.009998,516800,14.008341
2010-05-20,39.52,40.57,39.009998,39.779999,633600,13.264742
2010-05-19,42.07,42.43,39.509998,41.240002,700600,13.751584
2010-05-18,43.75,44.779999,42.50,42.709999,235200,14.241758
2010-05-17,45.00,45.790001,42.220001,43.66,390400,14.558538
2010-05-14,46.32,46.32,44.50,44.91,246800,14.975354
2010-05-13,47.599998,47.939999,46.07,46.32,169000,15.445522
2010-05-12,46.50,48.09,46.049999,48.049999,179400,16.022395
2010-05-11,46.549999,46.970001,45.84,46.23,205800,15.415511
2010-05-10,47.41,47.41,45.950001,46.630001,337400,15.548893
2010-05-07,43.099998,45.009998,42.849998,43.57,470000,14.528528
2010-05-06,44.650002,45.880001,37.959999,43.389999,664000,14.468506
2010-05-05,46.630001,46.700001,42.959999,45.099998,627400,15.03871
2010-05-04,48.959999,49.189999,47.93,47.939999,271000,15.722287
2010-05-03,48.619999,49.790001,47.889999,49.34,219200,16.181428
2010-04-30,47.610001,48.950001,47.610001,48.369999,194200,15.863309
2010-04-29,51.720001,51.720001,47.610001,48.209999,741200,15.810836
2010-04-28,50.82,52.139999,50.540001,51.169998,221000,16.78159
2010-04-27,51.00,51.23,49.970001,50.529999,269000,16.571697
2010-04-26,49.990002,52.450001,49.00,49.860001,411600,16.351966
2010-04-23,46.849998,47.900002,46.779999,47.77,119000,15.666535
2010-04-22,46.639999,47.00,46.130001,46.849998,94400,15.364813
2010-04-21,46.669998,47.34,46.240002,46.639999,103000,15.295942
2010-04-20,46.619999,47.400002,46.169998,46.790001,179600,15.345136
2010-04-19,45.080002,46.18,45.049999,46.18,143400,15.145082
2010-04-16,46.240002,46.50,44.279999,45.200001,265000,14.823684
2010-04-15,45.68,46.740002,45.52,46.740002,116200,15.328739
2010-04-14,46.220001,46.27,45.68,46.060001,133600,15.105728
2010-04-13,45.790001,46.150002,44.82,46.150002,140200,15.135244
2010-04-12,45.50,46.25,45.50,45.50,141200,14.922071
2010-04-09,44.950001,45.970001,44.77,45.619999,277200,14.961425
2010-04-08,44.389999,44.889999,43.950001,44.830002,206000,14.70234
2010-04-07,44.220001,44.740002,43.900002,44.400002,218600,14.561318
2010-04-06,44.130001,44.380001,43.75,44.220001,255000,14.502285
2010-04-05,43.00,43.939999,42.950001,43.939999,257800,14.410457
2010-04-01,42.040001,42.889999,41.91,42.830002,150600,14.046425
2010-03-31,41.689999,42.00,41.59,41.91,140400,13.744703
2010-03-30,41.50,41.650002,41.16,41.639999,133400,13.656154
2010-03-29,40.950001,41.50,40.950001,41.380001,253800,13.570886
2010-03-26,41.200001,41.50,40.599998,40.84,192800,13.393788
2010-03-25,42.00,42.00,41.110001,41.23,179000,13.521692
2010-03-24,40.919998,41.91,40.419998,41.709999,137000,13.679111
2010-03-23,41.779999,42.119999,41.560001,42.119999,259000,13.813574
2010-03-22,42.25,42.290001,41.380001,41.619999,320800,13.649595
2010-03-19,43.650002,43.650002,42.299999,42.439999,173400,13.91852
2010-03-18,43.68,43.950001,43.299999,43.549999,88200,14.282553
2010-03-17,43.389999,44.009998,43.169998,43.740002,150000,14.344866
2010-03-16,43.380001,44.049999,42.990002,43.580002,147000,14.292393
2010-03-15,44.150002,44.150002,43.189999,43.639999,157800,14.312069
2010-03-12,43.900002,44.00,43.549999,43.959999,158600,14.417016
2010-03-11,43.509998,44.060001,43.099998,44.040001,151800,14.443253
2010-03-10,42.799999,43.740002,42.75,43.66,155200,14.318629
2010-03-09,43.279999,43.34,42.779999,42.889999,115000,14.066101
2010-03-08,43.50,43.50,42.720001,42.799999,194400,14.036585
2010-03-05,42.869999,43.490002,42.57,43.490002,203600,14.262877
2010-03-04,42.75,43.00,42.299999,42.43,140800,13.915241
2010-03-03,42.990002,43.00,42.650002,43.00,235200,14.102177
2010-03-02,42.68,42.970001,42.48,42.77,202800,14.026747
2010-03-01,41.950001,42.50,41.66,42.490002,199000,13.934919
2010-02-26,41.43,41.860001,40.639999,41.509998,141200,13.613519
2010-02-25,40.509998,41.279999,39.560001,40.990002,161200,13.442983
2010-02-24,41.009998,41.220001,40.549999,40.759998,174800,13.367551
2010-02-23,42.00,42.299999,41.02,41.130001,706000,13.488896
2010-02-22,42.560001,42.580002,42.099998,42.32,231000,13.879166
2010-02-19,42.00,42.360001,41.139999,42.009998,261200,13.777498
2010-02-18,41.200001,41.860001,40.860001,41.860001,166000,13.728305
2010-02-17,40.889999,41.240002,40.419998,41.139999,97800,13.492175
2010-02-16,42.209999,42.360001,39.799999,40.889999,274000,13.410186
2010-02-12,42.00,42.00,39.639999,40.099998,279800,13.151099
2010-02-11,38.57,40.00,38.220001,39.650002,144800,13.003519
2010-02-10,39.619999,39.869999,38.720001,38.720001,338400,12.698519
2010-02-09,38.98,39.490002,38.50,38.889999,166000,12.754271
2010-02-08,39.790001,39.790001,38.119999,38.169998,178800,12.518141
2010-02-05,39.369999,39.990002,37.509998,39.09,438600,12.819863
2010-02-04,41.50,41.509998,38.720001,39.48,423800,12.947766
2010-02-03,41.220001,41.650002,40.310001,41.490002,213200,13.606961
2010-02-02,41.560001,42.25,41.220001,42.099998,274200,13.552847
2010-02-01,40.330002,42.00,39.709999,41.77,341600,13.446614
2010-01-29,42.369999,42.709999,39.169998,39.580002,468800,12.741609
2010-01-28,42.93,42.959999,41.330002,42.029999,240200,13.530313
2010-01-27,41.529999,42.459999,40.50,41.299999,229600,13.295311
2010-01-26,41.00,41.93,40.66,41.43,227800,13.337161
2010-01-25,41.23,41.790001,40.529999,41.32,232000,13.301749
2010-01-22,43.07,43.07,40.150002,41.220001,849200,13.269558
2010-01-21,44.459999,44.459999,42.549999,43.009998,306200,13.845794
2010-01-20,44.52,44.52,43.540001,44.490002,159600,14.322238
2010-01-19,42.84,44.360001,42.50,44.32,187800,14.26751
2010-01-15,43.049999,43.43,42.259998,42.689999,151200,13.74278
2010-01-14,43.029999,43.220001,43.00,43.110001,69600,13.877987
2010-01-13,43.790001,43.849998,42.759998,43.240002,103600,13.919837
2010-01-12,44.02,44.040001,43.25,43.389999,106800,13.968124
2010-01-11,45.00,45.009998,43.299999,43.880001,228200,14.125866
2010-01-08,44.810001,44.939999,43.25,44.560001,189400,14.344772
2010-01-07,44.639999,45.200001,43.799999,44.130001,319600,14.206346
2010-01-06,45.209999,45.50,44.610001,44.639999,276200,14.370525
2010-01-05,45.00,45.720001,45.00,45.209999,279200,14.554019
2010-01-04,44.360001,45.099998,43.259998,44.98,282200,14.479978
2009-12-31,43.59,44.029999,43.23,43.369999,221000,13.961686
2009-12-30,44.009998,44.360001,43.900002,43.98,203400,14.158058
2009-12-29,44.98,44.990002,44.02,44.200001,230400,14.22888
2009-12-28,44.50,45.00,44.450001,44.93,292000,14.463882
2009-12-24,43.990002,44.310001,43.75,44.150002,236600,14.212785
2009-12-23,44.00,44.00,43.330002,43.490002,252600,14.000317
2009-12-22,43.98,44.209999,43.310001,43.610001,415000,14.038947
2009-12-21,41.349998,43.240002,41.259998,43.189999,255200,13.90374
2009-12-18,41.91,42.50,40.610001,41.220001,501600,13.269558
2009-12-17,42.00,42.049999,41.50,41.93,153400,13.498121
2009-12-16,42.41,42.50,41.509998,42.049999,127800,13.536751
2009-12-15,42.189999,42.400002,41.66,42.290001,214600,13.614013
2009-12-14,40.00,42.41,39.790001,41.900002,447600,13.488464
2009-12-11,39.139999,39.799999,38.900002,39.790001,173000,12.809212
2009-12-10,38.82,39.139999,38.810001,39.119999,282600,12.593524
2009-12-09,39.279999,39.279999,38.599998,38.939999,86000,12.535579
2009-12-08,38.700001,39.080002,38.52,38.75,108000,12.474414
2009-12-07,38.900002,39.189999,38.68,38.93,114800,12.53236
2009-12-04,39.080002,39.299999,38.25,38.68,75200,12.45188
2009-12-03,39.00,39.009998,38.75,38.799999,124000,12.49051
2009-12-02,39.27,39.369999,38.860001,39.040001,75800,12.567771
2009-12-01,39.400002,39.48,38.939999,39.07,109800,12.577429
2009-11-30,39.290001,39.50,38.91,39.07,147000,12.577429
2009-11-27,39.259998,39.52,38.919998,39.290001,50200,12.648251
2009-11-25,39.200001,39.639999,38.880001,39.490002,95800,12.712636
2009-11-24,39.200001,39.200001,38.799999,38.84,55800,12.503387
2009-11-23,39.50,39.740002,38.77,38.849998,126600,12.506606
2009-11-20,38.380001,39.290001,38.25,38.950001,119200,12.538798
2009-11-19,38.799999,39.150002,38.25,38.869999,103800,12.513044
2009-11-18,39.450001,39.540001,38.869999,39.25,86400,12.635374
2009-11-17,39.150002,39.50,38.82,39.490002,139600,12.712636
2009-11-16,38.84,39.150002,38.50,38.759998,156000,12.477633
2009-11-13,38.990002,38.990002,38.150002,38.490002,134200,12.390715
2009-11-12,38.50,38.73,38.119999,38.400002,120200,12.361743
2009-11-11,38.50,38.50,38.060001,38.389999,72200,12.358523
2009-11-10,38.009998,38.709999,38.009998,38.240002,80800,12.310235
2009-11-09,38.48,38.869999,38.029999,38.310001,147400,12.33277
2009-11-06,37.860001,38.130001,37.639999,37.919998,69000,12.20722
2009-11-05,37.860001,38.240002,37.709999,37.77,136800,12.158932
2009-11-04,38.110001,38.139999,37.52,37.59,116800,12.100987
2009-11-03,37.50,38.290001,37.50,38.189999,212400,12.049479
2009-11-02,37.459999,38.43,37.049999,37.740002,116600,11.907499
2009-10-30,38.23,38.599998,37.139999,37.459999,151400,11.819154
2009-10-29,38.240002,38.25,36.990002,38.040001,155200,12.002153
2009-10-28,37.25,37.509998,36.220001,36.52,215400,11.522571
2009-10-27,37.82,38.189999,37.389999,37.880001,126400,11.951671
2009-10-26,38.25,39.299999,37.790001,38.02,187400,11.995842
2009-10-23,39.25,39.779999,38.400002,38.709999,127400,12.213547
2009-10-22,39.099998,39.330002,38.77,39.240002,124800,12.38077
2009-10-21,39.220001,39.810001,38.990002,39.139999,144600,12.349218
2009-10-20,38.900002,39.310001,38.900002,39.18,180000,12.361839
2009-10-19,39.00,39.400002,38.540001,39.369999,274000,12.421786
2009-10-16,38.549999,38.950001,38.23,38.849998,139000,12.257718
2009-10-15,38.220001,38.919998,38.220001,38.700001,114600,12.210392
2009-10-14,38.619999,38.700001,38.369999,38.419998,125000,12.122047
2009-10-13,38.220001,38.689999,37.970001,38.369999,140200,12.106272
2009-10-12,38.00,38.689999,37.77,37.990002,193600,11.986377
2009-10-09,37.459999,38.490002,37.139999,37.560001,130000,11.850706
2009-10-08,36.810001,37.75,36.720001,37.50,166200,11.831775
2009-10-07,36.689999,36.799999,36.009998,36.720001,87600,11.585674
2009-10-06,35.900002,36.689999,35.650002,36.380001,141800,11.4784
2009-10-05,35.09,35.669998,34.650002,35.509998,169000,11.203902
2009-10-02,35.00,35.110001,34.07,34.77,179400,10.970422
2009-10-01,35.82,36.02,35.259998,35.369999,187600,11.15973
2009-09-30,36.700001,36.799999,36.00,36.259998,179200,11.440537
2009-09-29,36.439999,36.860001,36.189999,36.700001,121200,11.579364
2009-09-28,35.580002,36.439999,35.549999,36.32,106400,11.459468
2009-09-25,35.700001,36.439999,35.389999,35.689999,115600,11.260694
2009-09-24,36.50,36.50,35.330002,35.990002,179200,11.355349
2009-09-23,36.950001,36.950001,35.849998,36.040001,191200,11.371125
2009-09-22,36.189999,37.119999,36.189999,36.970001,237000,11.664553
2009-09-21,36.59,36.669998,35.509998,36.18,236200,11.415297
2009-09-18,37.00,37.00,35.41,37.00,421800,11.674018
2009-09-17,36.52,36.720001,35.549999,36.400002,241200,11.48471
2009-09-16,35.700001,36.599998,35.360001,36.369999,283200,11.475244
2009-09-15,34.900002,35.900002,34.77,35.200001,213800,11.106093
2009-09-14,34.169998,35.130001,33.790001,35.00,220400,11.04299
2009-09-11,33.540001,34.130001,33.52,34.130001,136600,10.768493
2009-09-10,33.799999,33.939999,33.459999,33.459999,131600,10.557098
2009-09-09,34.00,34.169998,33.549999,33.91,109800,10.69908
2009-09-08,33.049999,33.689999,32.91,33.560001,182400,10.58865
2009-09-04,32.950001,33.00,32.43,32.630001,114200,10.295222
2009-09-03,32.360001,33.18,32.150002,32.709999,120600,10.320463
2009-09-02,32.630001,32.990002,32.25,32.360001,139800,10.210033
2009-09-01,33.27,33.52,32.630001,32.689999,212400,10.314152
2009-08-31,33.439999,33.439999,32.75,33.099998,163600,10.443513
2009-08-28,33.740002,33.900002,33.23,33.439999,184400,10.550788
2009-08-27,33.650002,33.790001,33.16,33.599998,305400,10.60127
2009-08-26,34.349998,34.400002,33.650002,33.900002,271400,10.695925
2009-08-25,34.57,35.09,34.099998,34.310001,283600,10.825286
2009-08-24,35.00,35.389999,34.57,34.759998,271800,10.967266
2009-08-21,34.66,35.040001,34.419998,34.799999,115800,10.979887
2009-08-20,34.00,34.380001,33.630001,33.950001,102400,10.7117
2009-08-19,33.189999,34.18,33.099998,33.73,95400,10.642287
2009-08-18,33.91,33.91,33.349998,33.84,209400,10.676994
2009-08-17,35.00,35.09,32.82,33.580002,301200,10.594961
2009-08-14,36.119999,36.169998,35.00,35.349998,171200,11.153419
2009-08-13,35.200001,36.099998,35.200001,35.990002,200800,11.355349
2009-08-12,35.130001,35.73,35.009998,35.060001,319600,11.061921
2009-08-11,36.07,36.200001,35.259998,35.849998,211200,11.311176
2009-08-10,36.169998,36.48,35.549999,36.169998,196400,11.412141
2009-08-07,36.290001,36.290001,35.50,36.00,138800,11.358504
2009-08-06,35.790001,35.950001,35.43,35.73,248400,11.273315
2009-08-05,36.419998,36.549999,34.84,35.939999,295000,11.339573
2009-08-04,35.970001,37.00,35.970001,36.669998,289000,11.33484
2009-08-03,35.549999,37.259998,35.549999,36.59,458000,11.310112
2009-07-31,35.00,35.619999,35.00,35.52,138000,10.979371
2009-07-30,35.00,35.98,34.52,34.950001,340600,10.803182
2009-07-29,34.669998,35.32,33.009998,35.00,536200,10.818637
2009-07-28,36.16,36.560001,35.00,35.299999,391800,10.911368
2009-07-27,37.57,38.490002,36.689999,37.66,257800,11.640853
2009-07-24,36.849998,37.689999,36.77,37.439999,121200,11.57285
2009-07-23,36.93,37.25,36.560001,36.759998,167200,11.362659
2009-07-22,36.150002,36.860001,35.450001,36.59,90400,11.310112
2009-07-21,37.00,37.00,36.150002,36.310001,175200,11.223563
2009-07-20,35.91,37.00,35.450001,36.759998,193800,11.362659
2009-07-17,36.00,36.00,35.099998,35.50,186400,10.973189
2009-07-16,34.50,35.790001,34.290001,35.720001,162400,11.041192
2009-07-15,34.09,35.23,34.09,34.740002,200600,10.73827
2009-07-14,33.299999,33.790001,32.630001,33.459999,186000,10.342616
2009-07-13,33.040001,33.459999,32.00,33.380001,154000,10.317889
2009-07-10,31.83,33.139999,31.299999,32.700001,282800,10.107698
2009-07-09,31.58,32.23,31.110001,31.790001,163800,9.826413
2009-07-08,31.25,31.41,30.799999,31.15,106000,9.628587
2009-07-07,31.51,31.879999,31.25,31.27,155200,9.665679
2009-07-06,32.02,32.509998,30.780001,31.809999,365600,9.832595
2009-07-02,33.349998,33.450001,32.34,32.799999,117600,10.138608
2009-07-01,32.889999,33.59,32.509998,33.310001,322800,10.296252
2009-06-30,31.860001,32.529999,31.790001,32.50,248600,10.045877
2009-06-29,32.50,32.50,31.799999,32.169998,197800,9.943872
2009-06-26,32.110001,32.509998,31.50,32.040001,240600,9.903689
2009-06-25,31.33,32.189999,31.049999,31.879999,276400,9.854232
2009-06-24,32.139999,32.189999,31.110001,31.309999,298400,9.678043
2009-06-23,32.720001,33.959999,31.66,32.080002,166000,9.916054
2009-06-22,33.130001,34.34,31.530001,31.700001,503800,9.798594
2009-06-19,34.369999,34.779999,34.07,34.32,199600,10.608446
2009-06-18,34.790001,34.790001,33.82,34.279999,148400,10.596082
2009-06-17,34.75,34.75,33.509998,34.389999,433000,10.630083
2009-06-16,35.93,36.669998,34.50,34.700001,388000,10.725906
2009-06-15,37.849998,38.16,35.669998,35.919998,496400,11.103012
2009-06-12,38.150002,38.52,37.650002,38.00,152800,11.745948
2009-06-11,38.540001,38.919998,38.27,38.610001,278400,11.934502
2009-06-10,39.880001,39.880001,38.200001,38.540001,108200,11.912865
2009-06-09,38.630001,39.139999,37.75,39.130001,232400,12.095236
2009-06-08,38.689999,38.689999,37.00,38.119999,313600,11.783041
2009-06-05,40.00,40.00,38.009998,38.310001,240200,11.841771
2009-06-04,36.990002,39.779999,36.549999,39.18,485400,12.110691
2009-06-03,39.900002,39.950001,36.080002,36.490002,517000,11.279202
2009-06-02,39.259998,40.240002,38.880001,39.98,419400,12.357974
2009-06-01,38.880001,39.400002,38.34,39.040001,346200,12.067417
2009-05-29,37.900002,38.490002,37.68,38.060001,267000,11.764495
2009-05-28,37.099998,37.68,36.52,37.630001,185800,11.63158
2009-05-27,35.23,36.91,35.23,36.48,295600,11.27611
2009-05-26,35.799999,35.799999,34.82,35.650002,177000,11.019555
2009-05-22,35.700001,36.259998,35.330002,35.650002,142000,11.019555
2009-05-21,37.00,37.00,35.50,35.740002,296000,11.047374
2009-05-20,37.310001,38.00,36.549999,37.380001,165600,11.554304
2009-05-19,37.099998,37.950001,36.16,36.759998,190000,11.362659
2009-05-18,35.970001,37.169998,35.25,36.98,258400,11.430662
2009-05-15,36.119999,36.119999,35.09,35.139999,157200,10.861911
2009-05-14,35.099998,36.119999,35.02,35.860001,108000,11.084466
2009-05-13,36.18,36.450001,35.130001,35.299999,214800,10.911368
2009-05-12,36.66,36.939999,35.799999,36.299999,116000,11.220472
2009-05-11,35.630001,35.990002,35.00,35.529999,197400,10.982461
2009-05-08,34.860001,36.00,34.82,35.790001,178600,11.062829
2009-05-07,36.68,36.880001,34.099998,34.790001,266200,10.753725
2009-05-06,37.360001,37.630001,35.43,36.130001,239400,11.167924
2009-05-05,36.419998,37.98,36.389999,37.349998,471600,11.319385
2009-05-04,34.990002,36.59,34.639999,36.59,327800,11.089058
2009-05-01,33.049999,34.580002,32.720001,34.41,286600,10.428382
2009-04-30,34.240002,34.389999,32.360001,32.889999,224800,9.967726
2009-04-29,32.790001,33.950001,32.790001,33.669998,202400,10.204115
2009-04-28,31.75,33.009998,31.719999,32.790001,186400,9.937421
2009-04-27,32.279999,33.490002,32.25,33.139999,206400,10.043492
2009-04-24,32.099998,32.32,31.51,31.92,171800,9.673756
2009-04-23,32.200001,32.200001,31.52,31.940001,136400,9.679817
2009-04-22,31.879999,32.200001,31.629999,31.639999,112000,9.588898
2009-04-21,31.08,32.00,31.08,31.83,108000,9.64648
2009-04-20,31.120001,31.48,30.65,31.48,319000,9.540408
2009-04-17,30.959999,31.469999,30.540001,31.129999,121200,9.434336
2009-04-16,31.00,31.23,30.50,30.530001,104400,9.252499
2009-04-15,30.700001,31.26,30.41,30.879999,160600,9.358571
2009-04-14,31.25,31.84,30.700001,30.76,110400,9.322203
2009-04-13,31.00,31.309999,30.299999,31.139999,155200,9.437367
2009-04-09,31.00,31.00,29.799999,30.860001,107800,9.35251
2009-04-08,30.02,30.59,29.76,30.15,131400,9.137335
2009-04-07,29.75,30.33,29.51,29.639999,142600,8.982773
2009-04-06,31.389999,31.389999,29.799999,30.08,209600,9.116121
2009-04-03,30.950001,31.43,30.58,31.34,114600,9.49798
2009-04-02,30.059999,31.27,29.51,30.59,188800,9.270683
2009-04-01,28.559999,30.040001,28.459999,29.32,195200,8.885793
2009-03-31,28.870001,29.52,28.57,29.10,164000,8.81912
2009-03-30,29.389999,29.389999,28.139999,28.870001,170600,8.749415
2009-03-27,30.129999,30.639999,29.52,29.809999,182600,9.034294
2009-03-26,31.33,33.220001,30.90,31.440001,143800,9.528286
2009-03-25,30.549999,31.469999,30.209999,30.85,169800,9.349479
2009-03-24,30.90,31.030001,30.389999,30.559999,148600,9.261591
2009-03-23,29.93,31.24,29.280001,30.950001,225600,9.379785
2009-03-20,30.870001,30.870001,28.870001,29.27,179600,8.87064
2009-03-19,30.00,31.379999,29.610001,30.57,330600,9.264621
2009-03-18,28.299999,29.450001,27.40,29.25,196800,8.864579
2009-03-17,27.76,28.33,27.120001,28.24,149200,8.558486
2009-03-16,27.969999,29.10,27.700001,27.84,365800,8.437261
2009-03-13,27.50,27.99,27.299999,27.559999,176600,8.352403
2009-03-12,26.10,27.629999,25.33,27.17,277600,8.234209
2009-03-11,26.620001,26.91,25.889999,26.280001,112200,7.964483
2009-03-10,25.030001,26.01,25.00,25.870001,178200,7.840228
2009-03-09,24.450001,25.52,24.450001,25.049999,159200,7.591716
2009-03-06,25.40,26.379999,23.870001,24.75,248600,7.500798
2009-03-05,25.030001,25.59,24.17,24.93,179600,7.555349
2009-03-04,25.00,26.15,25.00,25.559999,137800,7.746278
2009-03-03,24.299999,25.65,24.280001,24.639999,273800,7.467461
2009-03-02,25.370001,26.290001,24.24,24.700001,264800,7.485645
2009-02-27,25.799999,27.18,25.540001,26.469999,145400,8.022065
2009-02-26,25.360001,26.219999,25.360001,25.84,155000,7.831136
2009-02-25,26.07,26.07,24.74,25.280001,155000,7.661421
2009-02-24,24.50,25.389999,23.870001,25.35,298000,7.682635
2009-02-23,26.200001,27.719999,24.379999,24.48,221000,7.418971
2009-02-20,26.60,26.92,25.00,26.09,367800,7.906901
2009-02-19,28.459999,28.639999,26.50,27.120001,322000,8.219056
2009-02-18,30.40,30.60,28.280001,28.299999,385200,8.576669
2009-02-17,31.75,32.330002,30.15,30.41,134000,9.216131
2009-02-13,32.240002,32.959999,31.75,31.799999,113400,9.637388
2009-02-12,31.059999,32.41,30.60,31.48,112800,9.540408
2009-02-11,32.360001,32.360001,31.17,31.530001,63800,9.555562
2009-02-10,32.880001,33.189999,31.059999,31.43,152200,9.525255
2009-02-09,32.400002,32.799999,31.50,32.419998,195200,9.825287
2009-02-06,32.00,32.720001,30.34,32.389999,166400,9.816195
2009-02-05,30.440001,32.099998,30.280001,31.76,149400,9.625266
2009-02-04,31.50,32.119999,30.629999,31.040001,154000,9.407061
2009-02-03,31.65,33.32,31.10,32.16,347200,9.529801
2009-02-02,31.98,31.98,30.799999,31.299999,156400,9.274962
2009-01-30,30.469999,30.559999,29.92,30.559999,150800,9.055682
2009-01-29,31.50,31.50,29.629999,29.85,190000,8.845292
2009-01-28,32.549999,32.950001,30.290001,30.82,356000,9.132726
2009-01-27,33.599998,33.599998,32.540001,33.369999,132200,9.888354
2009-01-26,33.029999,33.650002,31.82,33.00,151400,9.778714
2009-01-23,31.10,33.599998,30.85,33.169998,309800,9.829089
2009-01-22,30.58,32.529999,30.00,32.119999,161800,9.517948
2009-01-21,30.00,30.799999,29.610001,30.58,156200,9.061608
2009-01-20,31.25,31.25,29.299999,29.43,127000,8.720835
2009-01-16,30.25,30.93,29.66,30.379999,103800,9.002343
2009-01-15,29.50,29.870001,28.00,29.629999,231200,8.7801
2009-01-14,29.99,30.17,29.559999,29.66,161600,8.78899
2009-01-13,29.01,30.780001,29.00,30.65,187800,9.082351
2009-01-12,29.450001,30.209999,28.559999,28.91,205800,8.566746
2009-01-09,30.18,30.18,29.18,29.469999,118800,8.732688
2009-01-08,29.49,30.07,29.02,29.76,156400,8.818622
2009-01-07,30.889999,30.889999,29.110001,29.209999,171000,8.655643
2009-01-06,30.120001,30.92,29.75,30.84,213200,9.138653
2009-01-05,28.790001,30.120001,28.790001,29.48,250000,8.735651
2009-01-02,27.200001,28.93,27.07,28.549999,200800,8.460069
2008-12-31,26.200001,27.68,26.190001,26.879999,186400,7.965207
2008-12-30,25.99,26.43,24.85,26.17,213600,7.754817
2008-12-29,25.50,25.950001,24.309999,25.719999,231200,7.62147
2008-12-26,25.09,25.84,24.52,25.40,110400,7.526647
2008-12-24,25.90,25.90,24.40,24.73,134400,7.328109
2008-12-23,27.35,27.59,25.59,25.879999,213400,7.668882
2008-12-22,27.67,27.67,25.85,26.709999,211000,7.914832
2008-12-19,26.49,27.73,26.370001,26.799999,154000,7.941501
2008-12-18,27.450001,27.450001,26.01,26.389999,129600,7.820008
2008-12-17,27.00,27.90,27.00,27.60,101200,8.178561
2008-12-16,27.00,27.219999,25.57,27.200001,161200,8.060031
2008-12-15,26.49,27.549999,25.879999,26.10,125800,7.734074
2008-12-12,25.50,27.889999,25.00,25.799999,282000,7.645176
2008-12-11,27.50,28.35,26.01,26.60,162600,7.882236
2008-12-10,26.00,27.41,26.00,27.33,199400,8.098553
2008-12-09,24.65,26.82,24.60,25.65,248200,7.600728
2008-12-08,24.33,26.01,24.18,24.99,209800,7.405153
2008-12-05,23.68,23.780001,22.50,23.43,204600,6.942887
2008-12-04,23.00,24.27,23.00,23.68,234600,7.016968
2008-12-03,23.09,23.870001,22.030001,23.620001,193600,6.999189
2008-12-02,24.15,24.50,22.90,22.950001,155600,6.800651
2008-12-01,24.040001,25.01,23.77,23.82,284000,7.058454
2008-11-28,25.00,26.49,25.00,26.49,150800,7.84964
2008-11-26,23.25,25.299999,22.190001,25.24,299200,7.479235
2008-11-25,22.32,23.129999,21.799999,23.00,228800,6.815467
2008-11-24,20.00,22.860001,19.50,22.48,494000,6.661378
2008-11-21,20.00,20.41,17.389999,19.10,727000,5.659801
2008-11-20,22.98,23.799999,19.370001,19.66,620600,5.825743
2008-11-19,26.280001,26.299999,23.83,24.049999,191600,7.126608
2008-11-18,26.51,26.959999,25.08,25.83,192000,7.654066
2008-11-17,27.93,27.950001,26.35,26.58,225000,7.87631
2008-11-14,29.629999,29.629999,27.01,27.200001,203800,8.060031
2008-11-13,26.040001,29.73,25.469999,28.91,380800,8.566746
2008-11-12,28.25,28.65,26.58,26.85,257600,7.956318
2008-11-11,30.15,30.90,28.08,28.75,218200,8.519334
2008-11-10,30.99,31.50,29.610001,29.76,236000,8.818622
2008-11-07,29.34,31.48,29.129999,29.950001,143600,8.874924
2008-11-06,32.00,33.00,28.67,29.35,518200,8.697129
2008-11-05,33.00,33.50,31.799999,31.99,422600,9.479426
2008-11-04,34.490002,34.849998,33.00,33.599998,459200,9.749081
2008-11-03,32.950001,34.59,32.25,33.27,431400,9.653332
2008-10-31,31.26,32.32,30.52,32.00,212600,9.28484
2008-10-30,30.030001,31.280001,29.879999,30.75,285000,8.922151
2008-10-29,29.00,30.440001,28.77,29.530001,456400,8.568166
2008-10-28,29.059999,29.469999,28.18,28.709999,411600,8.330242
2008-10-27,30.50,31.280001,28.00,28.059999,339800,8.141644
2008-10-24,27.92,29.690001,27.790001,29.110001,353200,8.446303
2008-10-23,28.67,31.559999,27.709999,29.709999,338200,8.620393
2008-10-22,31.01,33.00,28.530001,29.299999,253200,8.501431
2008-10-21,32.200001,32.490002,31.01,31.42,292000,9.116552
2008-10-20,31.51,32.889999,30.379999,32.52,286000,9.435718
2008-10-17,28.50,32.50,28.50,30.379999,334600,8.814794
2008-10-16,29.92,30.799999,28.23,29.02,376600,8.420189
2008-10-15,30.00,31.00,28.50,28.82,396800,8.362159
2008-10-14,31.129999,32.00,28.60,29.469999,488000,8.550757
2008-10-13,27.690001,30.10,26.049999,30.00,506400,8.704537
2008-10-10,23.540001,25.370001,22.00,24.50,531000,7.108705
2008-10-09,27.440001,27.440001,24.459999,25.030001,604600,7.262486
2008-10-08,24.610001,26.35,23.200001,25.190001,1044800,7.30891
2008-10-07,27.18,27.18,24.25,24.620001,406000,7.143524
2008-10-06,28.41,29.190001,23.00,25.77,733000,7.477198
2008-10-03,30.00,31.73,28.51,29.08,350000,8.437598
2008-10-02,32.040001,32.150002,29.049999,29.73,255800,8.626196
2008-10-01,31.459999,32.009998,30.620001,32.00,188000,9.28484
2008-09-30,29.43,32.580002,29.35,31.52,191800,9.145567
2008-09-29,32.130001,32.130001,28.74,29.52,355600,8.565265
2008-09-26,33.25,33.529999,32.00,32.490002,220800,9.427014
2008-09-25,33.27,34.689999,32.990002,33.369999,342200,9.682347
2008-09-24,35.279999,35.279999,33.439999,33.509998,165000,9.722968
2008-09-23,35.57,35.57,33.619999,34.139999,248600,9.905763
2008-09-22,35.25,35.950001,34.25,35.849998,362600,10.401921
2008-09-19,34.580002,35.98,33.009998,34.959999,340600,10.143687
2008-09-18,32.57,34.00,31.700001,33.57,298000,9.740377
2008-09-17,34.040001,34.700001,32.139999,32.509998,448800,9.432816
2008-09-16,34.209999,35.200001,32.459999,34.41,492400,9.984104
2008-09-15,36.16,37.43,34.880001,34.880001,213800,10.120476
2008-09-12,35.68,37.700001,35.59,37.700001,157000,10.938702
2008-09-11,35.099998,36.580002,34.869999,35.75,278200,10.372907
2008-09-10,35.00,37.119999,34.509998,36.16,365800,10.491869
2008-09-09,37.700001,37.860001,34.959999,34.959999,393600,10.143687
2008-09-08,40.450001,40.450001,37.68,38.32,215800,11.118595
2008-09-05,40.02,40.52,39.00,40.200001,266800,11.66408
2008-09-04,42.299999,42.560001,39.099998,40.080002,453400,11.629262
2008-09-03,45.060001,45.18,41.75,42.150002,895000,12.229875
2008-09-02,46.619999,46.619999,44.50,45.32,214800,13.149654
2008-08-29,46.84,47.209999,45.720001,46.630001,107000,13.529753
2008-08-28,46.169998,46.560001,45.639999,46.41,82400,13.465919
2008-08-27,46.259998,46.439999,45.939999,45.939999,90600,13.329547
2008-08-26,46.619999,46.880001,45.869999,46.32,47400,13.439805
2008-08-25,46.790001,47.279999,45.560001,46.799999,122200,13.579078
2008-08-22,48.310001,48.509998,46.68,46.98,105400,13.631305
2008-08-21,48.00,48.630001,47.650002,48.450001,265400,14.057828
2008-08-20,45.490002,47.619999,45.419998,47.450001,210200,13.767676
2008-08-19,44.09,45.650002,44.009998,45.650002,143200,13.245404
2008-08-18,44.950001,45.240002,44.119999,44.279999,146800,12.847896
2008-08-15,46.150002,46.16,44.57,45.09,119400,13.082919
2008-08-14,46.240002,46.50,45.07,45.799999,144400,13.288926
2008-08-13,44.48,46.119999,44.310001,46.080002,104400,13.37017
2008-08-12,44.330002,44.93,43.709999,44.470001,111800,12.903026
2008-08-11,46.00,46.009998,43.970001,44.509998,169600,12.914631
2008-08-08,46.00,46.240002,45.200001,45.830002,81600,13.297632
2008-08-07,46.50,47.299999,45.57,46.009998,125600,13.349858
2008-08-06,44.529999,46.419998,44.529999,46.380001,128000,13.457215
2008-08-05,47.00,47.599998,44.50,45.09,301800,13.082919
2008-08-04,49.580002,49.66,45.970001,46.759998,263400,13.375972
2008-08-01,48.369999,49.610001,48.029999,48.689999,144800,13.92806
2008-07-31,48.75,48.75,47.77,48.169998,166400,13.77931
2008-07-30,45.889999,49.310001,45.889999,48.759998,258800,13.948083
2008-07-29,45.990002,46.91,45.880001,46.349998,159000,13.258689
2008-07-28,43.27,47.00,42.450001,45.310001,395400,12.961192
2008-07-25,44.91,46.48,44.150002,44.380001,451600,12.69516
2008-07-24,44.25,45.68,44.029999,44.52,254400,12.735207
2008-07-23,45.580002,45.580002,44.25,44.349998,250000,12.686577
2008-07-22,46.77,46.77,45.639999,45.900002,186400,13.129965
2008-07-21,44.75,47.330002,44.549999,47.110001,232000,13.476092
2008-07-18,46.150002,47.00,44.700001,45.259998,236600,12.946888
2008-07-17,48.75,49.330002,46.25,46.380001,508600,13.267271
2008-07-16,50.540001,51.00,48.75,48.84,232600,13.970968
2008-07-15,51.240002,51.869999,50.169998,50.290001,152800,14.38575
2008-07-14,52.23,52.599998,51.549999,52.00,160800,14.874905
2008-07-11,50.540001,52.240002,49.799999,51.360001,218200,14.691829
2008-07-10,49.169998,51.66,48.509998,51.040001,247600,14.600292
2008-07-09,47.389999,49.439999,47.389999,49.119999,282400,14.051064
2008-07-08,49.619999,49.619999,45.610001,47.389999,548200,13.556187
2008-07-07,48.50,49.919998,48.009998,49.619999,432600,14.194092
2008-07-03,50.099998,51.00,48.619999,49.650002,521800,14.202674
2008-07-02,55.529999,55.619999,50.00,50.849998,779200,14.54594
2008-07-01,55.119999,56.25,54.389999,55.119999,408400,15.767399
2008-06-30,55.599998,56.880001,55.439999,55.68,225600,15.927591
2008-06-27,54.41,56.00,53.400002,55.50,344200,15.8761
2008-06-26,53.529999,55.060001,53.50,54.709999,207200,15.650116
2008-06-25,55.860001,56.57,52.560001,54.080002,415800,15.469902
2008-06-24,56.599998,58.00,55.27,56.560001,349400,16.17932
2008-06-23,55.689999,57.310001,55.349998,56.599998,327200,16.190761
2008-06-20,55.029999,55.82,53.75,55.279999,293200,15.813168
2008-06-19,54.470001,55.880001,53.919998,54.990002,398400,15.730212
2008-06-18,53.599998,55.00,52.759998,54.970001,380600,15.724491
2008-06-17,53.080002,53.98,52.889999,53.799999,191800,15.389805
2008-06-16,54.650002,54.849998,52.549999,53.369999,297000,15.266801
2008-06-13,53.00,54.950001,52.00,54.66,616000,15.635813
2008-06-12,50.200001,52.849998,50.200001,52.369999,564200,14.980745
2008-06-11,48.810001,50.189999,47.400002,50.00,370400,14.302793
2008-06-10,48.93,49.849998,47.939999,48.950001,138600,14.002435
2008-06-09,49.169998,49.849998,48.52,49.23,190000,14.08253
2008-06-06,48.939999,49.50,48.689999,48.98,185200,14.011016
2008-06-05,47.939999,49.060001,47.73,48.98,166800,14.011016
2008-06-04,48.310001,48.32,47.400002,47.73,165400,13.653446
2008-06-03,48.82,49.740002,47.68,48.50,488600,13.873709
2008-06-02,46.259998,48.919998,46.009998,48.900002,479000,13.988132
2008-05-30,45.349998,45.959999,44.900002,45.759998,217600,13.089916
2008-05-29,44.50,45.080002,44.50,44.700001,168800,12.786697
2008-05-28,45.009998,45.689999,44.759998,45.049999,206400,12.886816
2008-05-27,44.990002,45.419998,44.709999,45.290001,121600,12.95547
2008-05-23,47.150002,47.169998,44.50,44.990002,257000,12.869654
2008-05-22,47.130001,48.18,46.349998,47.099998,227800,13.473231
2008-05-21,47.959999,48.810001,47.200001,47.25,228200,13.51614
2008-05-20,47.91,48.16,47.330002,47.689999,165400,13.642004
2008-05-19,47.200001,48.00,46.66,47.849998,327400,13.687773
2008-05-16,45.950001,47.060001,45.310001,46.619999,366600,13.335924
2008-05-15,45.349998,45.73,44.50,45.599998,310000,13.044147
2008-05-14,44.889999,45.27,44.18,44.330002,169800,12.680857
2008-05-13,44.860001,45.459999,44.009998,44.50,235200,12.729486
2008-05-12,45.07,45.220001,44.209999,44.950001,210200,12.858211
2008-05-09,44.389999,45.25,44.349998,44.959999,269200,12.861071
2008-05-08,43.299999,45.200001,43.00,44.630001,368800,12.766673
2008-05-07,44.400002,44.75,43.619999,44.75,226000,12.801
2008-05-06,42.139999,44.299999,42.139999,44.25,203200,12.657972
2008-05-05,42.50,43.779999,42.209999,43.59,273600,12.301832
2008-05-02,41.389999,42.349998,41.349998,41.73,99000,11.776909
2008-05-01,41.599998,41.919998,39.790001,41.32,189000,11.6612
2008-04-30,41.50,41.950001,41.150002,41.470001,132200,11.703533
2008-04-29,42.029999,42.029999,41.18,41.560001,255800,11.728933
2008-04-28,41.549999,42.43,40.490002,41.740002,436800,11.779732
2008-04-25,38.860001,40.189999,38.529999,39.810001,151200,11.235053
2008-04-24,39.119999,39.119999,37.73,38.759998,142800,10.938725
2008-04-23,39.849998,40.200001,39.00,39.240002,67400,11.07419
2008-04-22,39.619999,40.34,39.599998,39.689999,175000,11.201186
2008-04-21,39.080002,39.939999,38.66,39.599998,95800,11.175787
2008-04-18,39.509998,39.880001,38.00,39.07,115200,11.026212
2008-04-17,40.049999,40.130001,38.349998,39.060001,183200,11.02339
2008-04-16,38.900002,40.150002,38.900002,40.00,251400,11.288674
2008-04-15,37.00,38.790001,37.00,38.59,241800,10.890748
2008-04-14,36.689999,37.16,36.639999,36.970001,104600,10.433557
2008-04-11,37.049999,37.240002,36.419998,36.610001,79800,10.331959
2008-04-10,37.049999,37.389999,36.52,37.389999,135000,10.552088
2008-04-09,37.00,37.830002,36.75,37.150002,66400,10.484356
2008-04-08,37.369999,38.00,36.759998,36.889999,228000,10.410979
2008-04-07,36.919998,37.619999,36.77,37.619999,315800,10.616997
2008-04-04,35.619999,36.599998,35.619999,36.48,269800,10.29527
2008-04-03,34.880001,35.700001,34.82,35.25,275400,9.948144
2008-04-02,34.970001,35.439999,34.560001,34.919998,241200,9.855012
2008-04-01,35.259998,35.439999,34.34,34.849998,247600,9.835257
2008-03-31,34.700001,35.23,34.330002,35.00,212600,9.87759
2008-03-28,34.84,35.09,34.66,34.84,193800,9.832435
2008-03-27,35.889999,36.200001,34.849998,34.91,233800,9.85219
2008-03-26,35.59,36.16,35.00,35.77,198400,10.094897
2008-03-25,34.66,35.450001,34.290001,35.189999,102800,9.93121
2008-03-24,35.360001,35.939999,34.50,34.580002,240000,9.759059
2008-03-20,34.779999,34.990002,33.939999,34.709999,159000,9.795746
2008-03-19,34.900002,35.66,34.450001,34.669998,157000,9.784458
2008-03-18,35.119999,35.720001,34.75,34.900002,128600,9.849368
2008-03-17,34.66,34.98,33.549999,34.75,188600,9.807035
2008-03-14,37.00,37.00,34.66,35.41,310000,9.993299
2008-03-13,36.549999,37.200001,36.169998,36.509998,222000,10.303737
2008-03-12,36.990002,37.080002,36.439999,36.740002,124000,10.368647
2008-03-11,37.07,37.619999,36.66,36.849998,172200,10.39969
2008-03-10,38.810001,38.82,36.43,36.73,187000,10.365825
2008-03-07,39.459999,39.459999,37.639999,37.919998,189800,10.701662
2008-03-06,38.16,38.380001,37.799999,37.970001,75200,10.715774
2008-03-05,37.380001,38.889999,37.290001,38.169998,157200,10.772217
2008-03-04,37.619999,37.91,36.619999,37.169998,111600,10.49
2008-03-03,37.709999,38.560001,37.400002,37.950001,141200,10.71013
2008-02-29,39.27,39.27,37.66,37.950001,70400,10.71013
2008-02-28,38.759998,39.139999,38.009998,38.93,84600,10.986702
2008-02-27,38.52,38.970001,38.220001,38.779999,117600,10.944369
2008-02-26,39.529999,39.75,38.18,38.59,174800,10.890748
2008-02-25,38.990002,39.73,38.50,39.369999,121000,11.110877
2008-02-22,39.290001,39.610001,38.459999,38.990002,172200,11.003635
2008-02-21,39.720001,40.049999,39.27,39.619999,134800,11.181431
2008-02-20,39.389999,39.41,38.599998,39.400002,125000,11.119344
2008-02-19,39.009998,40.099998,38.66,39.450001,200000,11.133455
2008-02-15,39.919998,39.919998,38.209999,38.66,248400,10.910503
2008-02-14,39.84,39.970001,39.310001,39.849998,186000,11.246341
2008-02-13,38.580002,39.50,38.110001,39.200001,127000,11.062901
2008-02-12,39.689999,39.91,37.66,37.919998,250200,10.701662
2008-02-11,38.279999,39.439999,37.279999,39.41,232000,11.122166
2008-02-08,37.360001,38.310001,36.950001,37.34,202600,10.537977
2008-02-07,35.919998,37.869999,35.41,37.259998,174200,10.515399
2008-02-06,38.439999,38.75,36.139999,36.139999,226600,10.199317
2008-02-05,39.00,39.00,37.799999,38.220001,244200,10.786328
2008-02-04,37.93,38.950001,37.849998,38.619999,353200,10.734118
2008-02-01,35.529999,37.700001,35.529999,37.169998,272000,10.331101
2008-01-31,34.990002,36.279999,34.650002,35.360001,112200,9.828027
2008-01-30,36.259998,36.400002,35.32,35.34,131600,9.822468
2008-01-29,36.369999,36.650002,35.77,36.130001,123400,10.042043
2008-01-28,34.82,35.990002,34.66,35.84,214000,9.961439
2008-01-25,34.709999,35.98,34.310001,34.830002,233800,9.680718
2008-01-24,34.439999,35.360001,34.43,34.459999,124800,9.577879
2008-01-23,33.150002,34.709999,33.049999,34.450001,146400,9.5751
2008-01-22,32.66,34.150002,32.540001,33.93,211000,9.43057
2008-01-18,33.32,34.240002,33.16,34.02,215800,9.455585
2008-01-17,34.610001,34.900002,33.139999,33.34,159600,9.266584
2008-01-16,34.599998,35.27,34.509998,34.639999,113400,9.627909
2008-01-15,35.049999,35.450001,34.509998,35.240002,178000,9.794675
2008-01-14,35.209999,35.509998,35.080002,35.200001,104000,9.783557
2008-01-11,35.540001,36.619999,35.040001,35.040001,99600,9.739086
2008-01-10,34.869999,36.119999,34.869999,35.580002,139200,9.889175
2008-01-09,35.900002,35.900002,34.880001,35.189999,126000,9.780777
2008-01-08,35.720001,36.439999,35.720001,35.869999,68000,9.969777
2008-01-07,36.509998,37.189999,35.619999,35.849998,99200,9.964218
2008-01-04,36.799999,37.099998,36.299999,36.939999,122200,10.267175
2008-01-03,37.049999,37.740002,36.349998,36.799999,214800,10.228263
2008-01-02,36.349998,37.310001,36.119999,36.619999,155600,10.178234
2007-12-31,34.790001,36.380001,34.610001,36.27,262200,10.080954
2007-12-28,35.09,35.639999,34.810001,34.939999,144800,9.711291
2007-12-27,35.779999,36.240002,34.790001,35.07,100200,9.747424
2007-12-26,34.959999,36.290001,34.91,35.77,125800,9.941983
2007-12-24,34.900002,35.68,34.77,35.16,107200,9.772439
2007-12-21,34.650002,35.27,34.360001,34.849998,201400,9.686276
2007-12-20,35.099998,35.41,34.119999,34.439999,205000,9.57232
2007-12-19,35.16,36.200001,34.939999,35.099998,150000,9.755762
2007-12-18,35.779999,36.959999,34.529999,34.91,180600,9.702953
2007-12-17,35.759998,36.060001,35.040001,35.369999,124800,9.830806
2007-12-14,36.209999,36.380001,35.330002,35.669998,107000,9.914189
2007-12-13,36.849998,37.25,36.09,36.200001,101400,10.061499
2007-12-12,37.740002,37.75,37.00,37.189999,88200,10.33666
2007-12-11,37.290001,37.709999,36.970001,37.130001,97000,10.319985
2007-12-10,37.09,37.470001,36.50,37.349998,108000,10.381131
2007-12-07,37.82,38.25,36.259998,37.080002,176400,10.306088
2007-12-06,37.849998,38.119999,37.25,37.77,120800,10.497867
2007-12-05,37.990002,38.34,37.41,37.689999,71400,10.475631
2007-12-04,37.82,38.02,37.580002,37.73,66800,10.486749
2007-12-03,38.23,39.150002,38.02,38.02,144200,10.567353
2007-11-30,38.009998,38.470001,37.700001,38.040001,133400,10.572912
2007-11-29,37.700001,38.630001,37.549999,37.75,192000,10.492308
2007-11-28,37.619999,38.099998,37.43,37.759998,265400,10.495087
2007-11-27,37.82,38.099998,37.400002,37.580002,51600,10.445059
2007-11-26,37.93,38.310001,37.720001,37.799999,103800,10.506205
2007-11-23,37.200001,38.00,37.200001,37.84,25600,10.517323
2007-11-21,37.41,38.099998,37.07,37.110001,96800,10.314426
2007-11-20,37.93,38.48,37.919998,38.200001,122400,10.617382
2007-11-19,38.02,38.459999,37.25,37.919998,229000,10.539558
2007-11-16,39.34,39.93,37.509998,38.099998,271800,10.589588
2007-11-15,40.599998,40.599998,38.779999,39.400002,270200,10.950913
2007-11-14,40.599998,40.599998,39.150002,39.790001,226200,11.05931
2007-11-13,40.880001,41.080002,38.779999,40.029999,292000,11.126016
2007-11-12,39.299999,40.93,38.639999,40.669998,341000,11.303898
2007-11-09,38.869999,39.970001,38.259998,39.73,324200,11.042633
2007-11-08,38.700001,39.419998,37.869999,39.419998,381200,10.956471
2007-11-07,36.529999,38.700001,35.84,38.369999,233800,10.664632
2007-11-06,36.48,36.970001,36.27,36.779999,104400,10.222704
2007-11-05,36.830002,37.27,35.75,36.459999,210600,10.133763
2007-11-02,38.369999,38.400002,37.580002,37.82,67200,10.356116
2007-11-01,38.189999,38.889999,38.00,38.099998,54800,10.432787
2007-10-31,38.490002,38.889999,38.110001,38.439999,98400,10.525888
2007-10-30,39.389999,39.689999,37.75,38.220001,165800,10.465647
2007-10-29,38.150002,39.50,38.099998,39.200001,190000,10.733997
2007-10-26,37.200001,38.240002,37.009998,38.099998,318000,10.432787
2007-10-25,36.849998,37.529999,36.360001,37.240002,82600,10.197297
2007-10-24,36.009998,37.18,36.009998,37.09,116200,10.156223
2007-10-23,36.32,36.830002,36.189999,36.349998,53200,9.953591
2007-10-22,36.220001,36.889999,35.73,36.259998,145400,9.928947
2007-10-19,36.799999,36.799999,35.50,35.91,123800,9.833108
2007-10-18,37.139999,37.580002,36.759998,36.779999,83600,10.071337
2007-10-17,37.32,37.50,36.77,37.41,83200,10.243847
2007-10-16,37.400002,37.650002,36.580002,37.279999,156200,10.20825
2007-10-15,37.360001,37.900002,37.360001,37.650002,123800,10.309566
2007-10-12,36.75,37.240002,36.349998,37.150002,154800,10.172653
2007-10-11,36.00,37.130001,35.990002,36.610001,301800,10.024787
2007-10-10,34.32,35.669998,34.279999,35.610001,227800,9.75096
2007-10-09,33.25,34.57,33.25,34.48,285400,9.441536
2007-10-08,33.299999,33.77,33.220001,33.349998,125000,9.132112
2007-10-05,33.119999,33.700001,33.119999,33.279999,180000,9.112944
2007-10-04,33.25,33.389999,33.00,33.119999,65600,9.069132
2007-10-03,33.470001,33.470001,33.009998,33.389999,148400,9.143065
2007-10-02,33.139999,33.529999,33.00,33.490002,131600,9.170448
2007-10-01,33.459999,33.529999,33.009998,33.279999,147800,9.112944
2007-09-28,33.25,33.950001,33.25,33.529999,50800,9.181401
2007-09-27,34.00,34.080002,33.380001,33.389999,152400,9.143065
2007-09-26,34.080002,34.080002,33.650002,33.759998,113200,9.24438
2007-09-25,33.669998,33.990002,33.549999,33.73,85200,9.236166
2007-09-24,34.080002,34.080002,33.509998,33.669998,126000,9.219736
2007-09-21,33.900002,33.900002,33.110001,33.849998,156000,9.269025
2007-09-20,33.59,34.049999,33.470001,33.82,291600,9.26081
2007-09-19,33.490002,34.080002,33.099998,33.77,270800,9.247119
2007-09-18,32.529999,33.290001,32.099998,32.900002,134600,9.008891
2007-09-17,33.200001,33.419998,32.00,32.099998,323400,8.789829
2007-09-14,33.610001,33.919998,33.130001,33.18,157400,9.085562
2007-09-13,33.419998,33.93,33.169998,33.720001,141000,9.233428
2007-09-12,32.43,32.98,32.25,32.98,352200,9.030796
2007-09-11,33.00,33.099998,32.639999,32.700001,178200,8.954125
2007-09-10,33.880001,33.98,32.990002,32.990002,158400,9.033535
2007-09-07,33.599998,33.73,33.259998,33.43,148600,9.154018
2007-09-06,33.549999,34.00,33.41,33.700001,171800,9.227952
2007-09-05,33.549999,33.869999,33.119999,33.50,136200,9.173186
2007-09-04,34.07,34.419998,33.52,33.52,151400,9.178663
2007-08-31,33.700001,34.049999,33.200001,33.509998,186400,9.175924
2007-08-30,32.75,33.540001,32.75,33.009998,74400,9.039011
2007-08-29,33.209999,33.82,33.00,33.490002,104800,9.170448
2007-08-28,33.799999,33.799999,32.939999,33.34,116200,9.129374
2007-08-27,34.049999,34.23,33.50,33.669998,94800,9.219736
2007-08-24,33.610001,34.599998,33.610001,34.279999,120400,9.38677
2007-08-23,34.099998,34.709999,33.560001,33.950001,183400,9.296408
2007-08-22,33.00,34.209999,33.00,34.110001,199600,9.34022
2007-08-21,33.380001,33.619999,32.790001,32.990002,114600,9.033535
2007-08-20,33.50,33.740002,32.549999,33.130001,159400,9.071871
2007-08-17,33.290001,33.68,31.530001,32.259998,257200,8.833641
2007-08-16,32.00,32.73,30.120001,31.18,490600,8.537909
2007-08-15,36.00,36.00,31.889999,32.139999,503400,8.800782
2007-08-14,34.380001,34.380001,33.299999,33.52,376200,9.178663
2007-08-13,35.66,36.00,32.950001,33.720001,316800,9.233428
2007-08-10,32.380001,37.419998,32.25,32.77,584800,8.973293
2007-08-09,36.509998,36.509998,32.00,32.380001,705600,8.866501
2007-08-08,35.740002,35.93,34.66,35.91,466400,9.833108
2007-08-07,34.049999,35.73,34.049999,35.389999,371200,9.690718
2007-08-06,36.48,36.50,34.02,34.869999,500200,9.548328
2007-08-03,37.540001,38.049999,36.16,36.540001,316800,10.005619
2007-08-02,39.00,39.57,38.029999,38.25,223000,10.320519
2007-08-01,40.150002,40.799999,39.209999,39.689999,140800,10.709056
2007-07-31,39.939999,41.490002,39.939999,40.50,278200,10.927609
2007-07-30,40.00,41.68,39.009998,39.310001,227000,10.606526
2007-07-27,39.139999,39.450001,38.400002,39.189999,226200,10.574148
2007-07-26,40.029999,41.82,37.240002,39.139999,429400,10.560657
2007-07-25,41.099998,41.93,40.279999,40.48,291800,10.922212
2007-07-24,41.52,41.630001,41.009998,41.169998,106400,11.108386
2007-07-23,41.84,42.830002,41.43,41.75,123800,11.264881
2007-07-20,41.200001,42.860001,41.200001,42.00,156600,11.332335
2007-07-19,41.380001,42.130001,41.200001,41.34,78600,11.154256
2007-07-18,41.509998,42.150002,40.880001,41.540001,130200,11.208219
2007-07-17,42.709999,42.880001,41.580002,41.720001,99800,11.256786
2007-07-16,42.549999,42.869999,42.00,42.369999,138000,11.432167
2007-07-13,42.32,42.82,41.799999,42.50,101600,11.467244
2007-07-12,42.18,42.77,41.93,42.32,84800,11.418677
2007-07-11,42.98,42.98,41.959999,42.32,242800,11.418677
2007-07-10,43.049999,43.080002,42.330002,42.73,168200,11.529302
2007-07-09,43.02,44.400002,42.689999,42.970001,135000,11.594058
2007-07-06,41.68,43.23,41.68,42.759998,69800,11.537396
2007-07-05,41.75,42.700001,41.75,42.360001,79000,11.42947
2007-07-03,42.09,42.169998,41.639999,42.049999,61600,11.345826
2007-07-02,42.41,42.41,41.25,41.720001,81600,11.256786
2007-06-29,41.23,42.389999,41.23,41.959999,200400,11.321542
2007-06-28,40.860001,42.27,40.799999,41.310001,75000,11.146161
2007-06-27,40.580002,41.34,40.049999,40.91,180800,11.038234
2007-06-26,42.119999,42.259998,40.509998,40.970001,267000,11.054423
2007-06-25,42.939999,42.939999,42.029999,42.119999,107800,11.364713
2007-06-22,43.00,43.220001,42.130001,42.299999,164200,11.41328
2007-06-21,43.439999,43.580002,42.130001,43.290001,137400,11.6804
2007-06-20,45.00,45.099998,43.560001,43.560001,116600,11.753251
2007-06-19,43.50,44.990002,43.400002,44.59,198200,12.031162
2007-06-18,43.900002,44.259998,43.470001,43.599998,117200,11.764043
2007-06-15,43.790001,43.959999,43.41,43.830002,118400,11.826102
2007-06-14,43.349998,43.959999,42.939999,43.790001,104200,11.815309
2007-06-13,42.50,43.139999,41.82,43.040001,97600,11.612946
2007-06-12,42.00,42.68,41.220001,42.68,209600,11.515811
2007-06-11,41.779999,42.919998,41.049999,42.439999,92800,11.451054
2007-06-08,41.139999,42.009998,41.00,42.009998,201800,11.335033
2007-06-07,43.299999,43.459999,41.50,41.810001,251000,11.28107
2007-06-06,44.450001,44.830002,43.349998,43.490002,242600,11.734364
2007-06-05,45.50,45.50,44.450001,44.77,100600,12.07973
2007-06-04,43.799999,45.330002,43.619999,45.299999,255400,12.222733
2007-06-01,44.00,44.799999,43.75,44.23,107800,11.934028
2007-05-31,43.669998,43.990002,43.349998,43.889999,115600,11.84229
2007-05-30,42.73,43.580002,42.529999,43.580002,118200,11.758647
2007-05-29,43.799999,43.799999,42.970001,43.040001,107800,11.612946
2007-05-25,42.259998,43.509998,42.259998,43.48,107600,11.731665
2007-05-24,42.75,43.50,42.049999,42.290001,215600,11.410582
2007-05-23,42.330002,43.360001,42.330002,42.73,238600,11.529302
2007-05-22,42.50,42.93,42.459999,42.830002,164200,11.556284
2007-05-21,41.849998,42.84,41.700001,42.450001,197000,11.453753
2007-05-18,40.939999,41.799999,40.66,41.490002,137000,11.194729
2007-05-17,40.189999,40.68,40.189999,40.599998,108800,10.95459
2007-05-16,40.599998,41.299999,40.540001,40.560001,108200,10.943798
2007-05-15,40.50,41.299999,40.41,40.68,286000,10.976176
2007-05-14,40.060001,40.700001,39.900002,40.34,145600,10.884438
2007-05-11,40.00,40.43,39.75,40.27,143000,10.865551
2007-05-10,40.23,40.369999,39.740002,40.009998,127800,10.795398
2007-05-09,39.880001,40.150002,39.84,39.950001,142400,10.779209
2007-05-08,39.52,40.169998,39.43,39.950001,111600,10.779209
2007-05-07,39.639999,39.919998,39.50,39.82,114800,10.744133
2007-05-04,40.00,40.290001,39.900002,39.959999,143400,10.781907
2007-05-03,39.450001,40.41,39.450001,40.060001,97600,10.663187
2007-05-02,39.950001,40.459999,39.450001,39.450001,144000,10.500817
2007-05-01,40.119999,40.119999,39.529999,39.84,108800,10.604627
2007-04-30,40.50,40.50,39.529999,39.720001,213200,10.572686
2007-04-27,39.790001,39.990002,39.389999,39.52,86800,10.519449
2007-04-26,39.759998,40.279999,39.200001,39.59,111000,10.538082
2007-04-25,39.950001,40.50,39.360001,39.759998,117400,10.583332
2007-04-24,40.48,40.50,40.00,40.049999,126800,10.660525
2007-04-23,40.099998,40.50,39.799999,40.00,674400,10.647216
2007-04-20,39.169998,39.939999,39.07,39.880001,124200,10.615274
2007-04-19,39.689999,39.740002,39.049999,39.419998,69800,10.492831
2007-04-18,39.57,40.009998,39.02,40.00,153400,10.647216
2007-04-17,40.529999,40.529999,39.32,39.59,145200,10.538082
2007-04-16,39.950001,40.380001,39.700001,40.259998,263400,10.716422
2007-04-13,39.93,39.93,39.470001,39.68,154800,10.562038
2007-04-12,38.310001,39.630001,38.110001,39.50,175800,10.514126
2007-04-11,39.599998,39.66,38.389999,38.540001,153800,10.258593
2007-04-10,39.560001,39.650002,39.150002,39.290001,116000,10.458228
2007-04-09,39.50,39.950001,39.330002,39.369999,200600,10.479522
2007-04-05,38.919998,39.459999,38.619999,39.349998,185200,10.474198
2007-04-04,38.040001,38.650002,37.50,38.650002,158800,10.287873
2007-04-03,39.00,39.00,38.049999,38.240002,133600,10.178739
2007-04-02,37.599998,38.490002,37.50,38.400002,196200,10.221328
2007-03-30,38.00,38.00,37.709999,37.919998,174600,10.09356
2007-03-29,37.529999,37.700001,36.860001,37.66,160000,10.024354
2007-03-28,37.049999,37.279999,36.900002,37.110001,137400,9.877955
2007-03-27,37.220001,37.450001,36.990002,37.220001,266200,9.907235
2007-03-26,36.630001,36.740002,35.900002,36.509998,225000,9.718246
2007-03-23,35.299999,35.990002,35.299999,35.900002,131800,9.555877
2007-03-22,35.330002,35.889999,35.259998,35.50,349200,9.449404
2007-03-21,34.689999,35.23,34.630001,35.220001,182000,9.374874
2007-03-20,35.049999,35.049999,34.68,34.689999,172000,9.233798
2007-03-19,34.549999,35.119999,34.459999,34.68,699600,9.231136
2007-03-16,34.549999,34.860001,34.380001,34.630001,162000,9.217827
2007-03-15,34.50,34.59,34.00,34.349998,143800,9.143296
2007-03-14,34.560001,34.59,34.07,34.25,202200,9.116679
2007-03-13,34.639999,34.860001,34.50,34.57,145800,9.201856
2007-03-12,34.509998,35.049999,34.509998,35.02,189000,9.321638
2007-03-09,34.689999,34.75,34.50,34.669998,120400,9.228474
2007-03-08,35.400002,35.400002,34.66,34.740002,172200,9.247107
2007-03-07,35.049999,35.330002,34.93,35.049999,67600,9.329623
2007-03-06,35.200001,35.450001,34.869999,35.240002,147000,9.380198
2007-03-05,35.049999,35.330002,34.779999,34.830002,230400,9.271064
2007-03-02,35.50,35.540001,35.110001,35.200001,275800,9.36955
2007-03-01,34.849998,35.450001,34.50,35.450001,246600,9.436095
2007-02-28,34.799999,34.950001,34.50,34.700001,138200,9.23646
2007-02-27,35.709999,35.709999,34.759998,34.799999,169200,9.263078
2007-02-26,35.82,35.82,35.299999,35.639999,163400,9.486669
2007-02-23,35.450001,35.779999,35.450001,35.48,151200,9.44408
2007-02-22,35.290001,35.549999,35.150002,35.459999,186400,9.438757
2007-02-21,35.080002,36.650002,34.93,35.09,383800,9.34027
2007-02-20,35.16,35.16,34.630001,34.98,1107800,9.31099
2007-02-16,35.049999,35.290001,35.009998,35.16,278600,9.358903
2007-02-15,35.50,35.540001,35.200001,35.25,182800,9.382859
2007-02-14,35.200001,35.389999,35.00,35.290001,245600,9.393506
2007-02-13,35.200001,35.349998,35.07,35.200001,173600,9.36955
2007-02-12,35.18,35.240002,34.950001,35.16,167200,9.358903
2007-02-09,35.419998,35.50,35.16,35.220001,279600,9.374874
2007-02-08,35.00,35.439999,35.00,35.389999,219800,9.420124
2007-02-07,35.150002,35.360001,35.150002,35.18,254600,9.364226
2007-02-06,35.009998,35.400002,35.009998,35.240002,249600,9.380198
2007-02-05,34.849998,35.18,34.59,35.00,817600,9.316314
2007-02-02,35.209999,35.259998,34.75,34.939999,257400,9.156606
2007-02-01,34.25,35.169998,34.25,34.73,292600,9.101572
2007-01-31,34.169998,34.66,34.049999,34.220001,248000,8.967918
2007-01-30,33.599998,34.209999,33.57,34.049999,196000,8.923367
2007-01-29,34.00,34.139999,33.599998,33.73,265800,8.839505
2007-01-26,33.549999,33.990002,33.540001,33.77,197000,8.849988
2007-01-25,33.799999,33.849998,33.50,33.599998,211800,8.805436
2007-01-24,34.189999,34.189999,33.700001,33.849998,147200,8.870953
2007-01-23,33.84,34.18,33.779999,33.889999,140800,8.881436
2007-01-22,34.150002,34.189999,33.599998,33.779999,128000,8.852609
2007-01-19,33.549999,34.060001,33.540001,33.869999,132200,8.876195
2007-01-18,33.68,34.200001,33.529999,33.709999,205800,8.834264
2007-01-17,34.139999,34.139999,33.549999,33.73,229000,8.839505
2007-01-16,34.279999,34.400002,33.740002,33.77,174600,8.849988
2007-01-12,34.099998,34.240002,33.91,34.009998,138800,8.912884
2007-01-11,33.650002,34.220001,33.560001,33.950001,120200,8.89716
2007-01-10,33.740002,33.869999,33.400002,33.650002,214200,8.818541
2007-01-09,34.00,34.419998,33.650002,33.650002,173600,8.818541
2007-01-08,33.709999,34.259998,33.599998,33.849998,174800,8.870953
2007-01-05,33.919998,33.919998,33.400002,33.709999,322400,8.834264
2007-01-04,33.990002,34.119999,33.75,33.799999,275000,8.85785
2007-01-03,34.540001,34.880001,33.990002,33.990002,271800,8.907643
2006-12-29,34.25,34.560001,34.25,34.52,143600,9.046538
2006-12-28,34.50,34.84,34.25,34.43,141400,9.022952
2006-12-27,33.98,35.119999,33.82,34.599998,185400,9.067503
2006-12-26,33.959999,34.25,33.59,33.98,298800,8.905022
2006-12-22,34.119999,34.299999,33.860001,33.959999,347000,8.899781
2006-12-21,33.939999,34.09,33.740002,34.009998,357800,8.912884
2006-12-20,34.00,34.290001,33.84,33.84,267600,8.868333
2006-12-19,34.32,34.360001,33.849998,33.869999,306400,8.876195
2006-12-18,35.00,35.380001,34.02,34.119999,479600,8.941711
2006-12-15,35.060001,35.419998,34.830002,35.419998,365800,9.282398
2006-12-14,35.299999,35.299999,34.669998,34.889999,308200,9.143503
2006-12-13,35.220001,35.240002,34.849998,35.029999,202400,9.180192
2006-12-12,35.130001,35.290001,34.799999,35.049999,152800,9.185433
2006-12-11,35.400002,35.43,35.119999,35.18,162600,9.219502
2006-12-08,35.50,35.860001,35.279999,35.43,152000,9.285019
2006-12-07,35.400002,35.91,35.209999,35.630001,363800,9.337432
2006-12-06,35.09,35.360001,34.599998,35.189999,265600,9.222122
2006-12-05,34.68,35.09,34.68,35.02,299000,9.177572
2006-12-04,34.490002,34.52,34.200001,34.50,245800,9.041297
2006-12-01,34.580002,34.580002,34.080002,34.25,257000,8.97578
2006-11-30,34.419998,34.669998,34.200001,34.240002,319800,8.97316
2006-11-29,34.470001,34.700001,34.330002,34.52,207400,9.046538
2006-11-28,34.310001,34.720001,34.310001,34.470001,136600,9.033435
2006-11-27,35.00,35.00,34.299999,34.450001,210600,9.028194
2006-11-24,34.650002,34.759998,34.610001,34.759998,41000,9.109434
2006-11-22,34.84,34.84,34.32,34.560001,108000,9.057021
2006-11-21,34.779999,34.779999,34.450001,34.540001,204400,9.05178
2006-11-20,35.099998,35.200001,34.400002,34.439999,320400,9.025572
2006-11-17,34.919998,35.75,34.619999,35.07,502600,9.190675
2006-11-16,34.939999,34.939999,34.400002,34.630001,280800,9.075366
2006-11-15,34.029999,35.34,34.00,34.82,235800,9.125158
2006-11-14,35.00,35.00,34.02,34.669998,369200,9.085848
2006-11-13,34.299999,34.759998,34.299999,34.720001,172400,9.098952
2006-11-10,34.41,34.75,34.25,34.580002,167000,9.062263
2006-11-09,34.98,34.990002,34.369999,34.540001,182800,9.05178
2006-11-08,34.080002,34.630001,34.040001,34.540001,405800,9.05178
2006-11-07,34.50,34.919998,34.09,34.41,474800,9.017711
2006-11-06,34.610001,35.220001,34.50,34.720001,169800,9.098952
2006-11-03,35.00,35.139999,34.549999,34.860001,179400,9.135641
2006-11-02,34.700001,35.220001,34.509998,34.990002,194600,9.16971
2006-11-01,35.450001,35.900002,35.09,35.299999,175000,9.119916
2006-10-31,35.73,35.93,34.919998,35.610001,395200,9.200007
2006-10-30,36.779999,37.240002,35.779999,36.09,373200,9.324017
2006-10-27,36.900002,37.450001,36.880001,36.959999,168800,9.548785
2006-10-26,36.700001,37.00,36.610001,36.880001,95200,9.528117
2006-10-25,36.150002,36.990002,36.119999,36.689999,207600,9.479029
2006-10-24,35.91,36.369999,35.75,36.139999,322800,9.336934
2006-10-23,35.349998,35.91,35.139999,35.73,413000,9.231009
2006-10-20,34.990002,35.389999,34.900002,35.23,403400,9.101832
2006-10-19,35.00,35.740002,35.00,35.419998,190400,9.150919
2006-10-18,35.23,35.450001,35.040001,35.040001,117200,9.052745
2006-10-17,34.709999,35.43,34.599998,35.240002,132800,9.104416
2006-10-16,34.759998,35.310001,34.599998,35.09,154000,9.065662
2006-10-13,35.220001,35.25,34.700001,34.919998,182600,9.021741
2006-10-12,35.25,35.25,34.73,35.02,182400,9.047577
2006-10-11,34.50,35.240002,34.50,35.040001,118200,9.052745
2006-10-10,34.25,35.23,34.200001,35.009998,215800,9.044993
2006-10-09,34.41,35.029999,34.41,34.560001,108600,8.928734
2006-10-06,34.50,34.950001,34.50,34.68,117400,8.959737
2006-10-05,34.599998,34.98,34.549999,34.740002,133800,8.975238
2006-10-04,34.25,34.830002,34.25,34.610001,155400,8.941652
2006-10-03,34.43,34.599998,34.25,34.459999,153400,8.902898
2006-10-02,34.900002,35.16,34.689999,34.82,179800,8.995906
2006-09-29,34.709999,35.279999,34.709999,34.82,94000,8.995906
2006-09-28,34.740002,35.049999,34.66,34.990002,86000,9.039827
2006-09-27,34.779999,34.990002,34.59,34.860001,163200,9.006241
2006-09-26,34.240002,34.849998,34.240002,34.709999,166600,8.967487
2006-09-25,34.73,34.73,33.84,34.549999,323200,8.92615
2006-09-22,35.049999,35.049999,34.549999,34.880001,88400,9.011408
2006-09-21,34.360001,35.310001,34.360001,34.970001,214000,9.03466
2006-09-20,34.720001,34.990002,34.419998,34.68,152600,8.959737
2006-09-19,34.599998,34.849998,34.25,34.75,149200,8.977821
2006-09-18,34.900002,35.00,34.50,34.580002,224000,8.933902
2006-09-15,34.549999,34.93,34.439999,34.900002,238400,9.016575
2006-09-14,35.00,35.23,34.509998,34.869999,183600,9.008824
2006-09-13,34.27,35.130001,34.27,34.799999,162800,8.990739
2006-09-12,34.290001,34.630001,34.290001,34.529999,103600,8.920983
2006-09-11,34.25,35.349998,34.110001,34.619999,196400,8.944235
2006-09-08,35.07,35.630001,34.220001,34.669998,565800,8.957153
2006-09-07,36.540001,36.540001,35.029999,35.490002,517800,9.169004
2006-09-06,36.700001,36.740002,36.220001,36.380001,130000,9.39894
2006-09-05,37.00,37.00,36.529999,36.689999,62800,9.479029
2006-09-01,36.580002,37.040001,36.549999,36.709999,73600,9.484196
2006-08-31,36.529999,37.02,36.509998,36.689999,47800,9.479029
2006-08-30,36.759998,36.880001,36.400002,36.779999,72000,9.502281
2006-08-29,36.68,37.09,36.439999,36.959999,74200,9.548785
2006-08-28,36.75,37.00,36.349998,36.970001,180800,9.551369
2006-08-25,36.650002,37.50,36.650002,37.00,47600,9.559119
2006-08-24,36.889999,37.41,36.619999,36.849998,60200,9.520366
2006-08-23,37.00,37.529999,36.709999,36.98,85000,9.553952
2006-08-22,37.330002,37.689999,36.610001,37.299999,111200,9.636625
2006-08-21,38.00,38.00,37.330002,37.509998,91600,9.69088
2006-08-18,37.220001,38.00,37.200001,38.00,112600,9.817474
2006-08-17,37.50,37.799999,37.240002,37.27,97800,9.628875
2006-08-16,37.32,37.799999,37.32,37.439999,71000,9.672795
2006-08-15,37.439999,38.119999,37.009998,37.389999,90400,9.659877
2006-08-14,38.25,38.25,36.73,37.16,99800,9.600456
2006-08-11,37.66,38.00,37.299999,37.650002,84800,9.72705
2006-08-10,37.77,38.150002,37.50,37.970001,115200,9.809724
2006-08-09,38.299999,38.57,37.709999,38.009998,103600,9.820057
2006-08-08,37.75,38.860001,37.75,38.299999,102400,9.89498
2006-08-07,38.400002,38.91,37.790001,38.220001,191800,9.874312
2006-08-04,39.00,39.00,37.650002,37.990002,112000,9.814891
2006-08-03,38.610001,39.00,37.880001,38.200001,210400,9.869145
2006-08-02,37.50,38.700001,37.50,38.00,278800,9.688297
2006-08-01,37.00,37.849998,36.599998,37.200001,280200,9.484333
2006-07-31,35.299999,36.810001,35.299999,36.400002,150400,9.280369
2006-07-28,35.50,36.43,35.349998,35.810001,149000,9.129945
2006-07-27,35.919998,36.240002,35.50,35.52,95000,9.056008
2006-07-26,36.279999,36.279999,35.259998,35.82,113400,9.132494
2006-07-25,35.52,36.23,34.00,35.889999,204400,9.150341
2006-07-24,35.299999,36.150002,35.259998,35.580002,175800,9.071306
2006-07-21,35.77,36.290001,35.41,35.599998,139800,9.076404
2006-07-20,36.169998,36.43,35.75,36.029999,86600,9.186035
2006-07-19,35.779999,36.900002,35.779999,36.619999,167600,9.336458
2006-07-18,35.599998,36.080002,35.099998,35.869999,212600,9.145242
2006-07-17,35.91,35.970001,35.209999,35.73,180000,9.109548
2006-07-14,36.099998,36.290001,35.610001,36.09,110600,9.201332
2006-07-13,36.75,36.75,35.970001,36.380001,115800,9.275269
2006-07-12,37.150002,37.34,36.209999,36.759998,147000,9.372152
2006-07-11,37.450001,37.650002,36.91,37.07,68600,9.451188
2006-07-10,37.00,37.400002,37.00,37.310001,101800,9.512378
2006-07-07,37.48,37.799999,36.970001,37.040001,112800,9.44354
2006-07-06,37.669998,37.98,37.150002,37.200001,87400,9.484333
2006-07-05,36.75,37.82,36.50,37.299999,228400,9.509828
2006-07-03,36.23,36.939999,36.23,36.450001,55800,9.293116
2006-06-30,36.560001,36.560001,35.75,36.23,129000,9.237026
2006-06-29,35.490002,35.810001,35.169998,35.75,160600,9.114647
2006-06-28,35.889999,36.049999,35.380001,35.549999,117800,9.063656
2006-06-27,35.990002,36.610001,35.720001,36.07,142800,9.196233
2006-06-26,35.25,35.93,35.25,35.900002,88400,9.152891
2006-06-23,35.50,36.00,35.240002,35.360001,130400,9.015215
2006-06-22,35.580002,35.580002,34.779999,35.48,91200,9.045809
2006-06-21,34.490002,35.77,34.490002,35.299999,81200,8.999917
2006-06-20,34.759998,35.419998,34.59,34.700001,82200,8.846945
2006-06-19,34.50,35.240002,34.380001,34.990002,192400,8.920882
2006-06-16,35.939999,35.939999,34.900002,34.970001,260600,8.915783
2006-06-15,34.889999,35.580002,34.720001,35.110001,217800,8.951476
2006-06-14,34.040001,35.139999,34.00,34.869999,122000,8.890287
2006-06-13,34.959999,35.049999,34.25,34.310001,335600,8.747512
2006-06-12,34.93,35.27,34.93,35.060001,184600,8.938729
2006-06-09,34.950001,35.880001,34.830002,35.169998,118600,8.966773
2006-06-08,36.00,36.009998,34.639999,35.209999,393800,8.976971
2006-06-07,37.00,37.099998,35.57,36.259998,129200,9.244674
2006-06-06,37.450001,37.450001,36.459999,36.849998,132600,9.395098
2006-06-05,37.700001,37.75,36.759998,37.080002,148800,9.453738
2006-06-02,37.50,37.75,37.02,37.52,108400,9.565918
2006-06-01,37.73,37.73,36.599998,37.110001,157200,9.461387
2006-05-31,36.580002,37.25,36.580002,37.02,63200,9.438441
2006-05-30,37.740002,37.740002,36.32,36.619999,107400,9.336458
2006-05-26,36.380001,37.779999,36.380001,37.16,159600,9.474134
2006-05-25,36.369999,36.959999,35.880001,36.389999,123000,9.277819
2006-05-24,35.66,36.740002,35.040001,35.810001,177400,9.129945
2006-05-23,36.990002,37.23,35.98,36.029999,243800,9.186035
2006-05-22,36.700001,37.150002,35.130001,36.560001,269000,9.321161
2006-05-19,38.25,38.25,36.18,37.07,203000,9.451188
2006-05-18,37.689999,38.560001,37.25,37.68,205400,9.606711
2006-05-17,38.540001,39.09,37.259998,37.900002,334000,9.662801
2006-05-16,40.27,40.599998,38.529999,38.970001,158200,9.935603
2006-05-15,40.639999,40.639999,39.02,39.669998,313800,10.114071
2006-05-12,41.00,41.139999,39.00,40.75,256400,10.389423
2006-05-11,41.50,42.150002,41.00,41.16,193600,10.493955
2006-05-10,42.650002,42.650002,41.310001,41.709999,123200,10.63418
2006-05-09,41.209999,42.189999,41.209999,42.130001,196600,10.741262
2006-05-08,42.290001,42.990002,41.349998,41.75,285400,10.644378
2006-05-05,41.419998,42.68,41.099998,42.50,241800,10.835595
2006-05-04,42.00,42.09,41.50,41.880001,172400,10.677523
2006-05-03,43.50,43.50,40.84,42.330002,303400,10.674973
2006-05-02,43.509998,43.75,42.52,43.380001,203800,10.939767
2006-05-01,42.50,43.790001,42.50,43.48,312200,10.964985
2006-04-28,40.75,42.50,40.75,42.380001,280200,10.687582
2006-04-27,42.110001,42.110001,40.259998,41.400002,285600,10.440442
2006-04-26,41.669998,42.119999,41.630001,41.950001,378200,10.579143
2006-04-25,41.75,41.75,40.779999,41.290001,612200,10.412701
2006-04-24,39.740002,41.50,39.02,40.68,676600,10.258868
2006-04-21,37.50,39.360001,37.50,38.98,334600,9.830154
2006-04-20,37.400002,37.43,36.759998,37.290001,181800,9.403963
2006-04-19,37.369999,37.369999,36.599998,37.299999,253600,9.406484
2006-04-18,36.400002,37.400002,36.130001,37.389999,242000,9.429181
2006-04-17,36.700001,36.700001,35.900002,36.25,117600,9.141691
2006-04-13,36.099998,36.560001,36.00,36.400002,167800,9.179519
2006-04-12,36.189999,36.50,35.849998,36.099998,98800,9.103863
2006-04-11,36.84,37.59,36.00,36.380001,198000,9.174475
2006-04-10,37.66,37.889999,36.959999,37.009998,150400,9.333351
2006-04-07,36.950001,37.669998,36.41,37.349998,301000,9.419093
2006-04-06,35.50,36.950001,35.41,36.77,481800,9.272827
2006-04-05,34.98,35.880001,34.900002,35.799999,389000,9.028207
2006-04-04,35.580002,35.889999,34.860001,35.330002,199800,8.909681
2006-04-03,36.099998,36.650002,35.580002,35.779999,276000,9.023164
2006-03-31,36.150002,36.23,35.860001,36.099998,94800,9.103863
2006-03-30,35.790001,36.169998,35.349998,36.16,112800,9.118994
2006-03-29,35.50,36.00,35.419998,35.52,82000,8.957596
2006-03-28,35.549999,35.900002,35.310001,35.50,112000,8.952552
2006-03-27,35.880001,36.169998,35.540001,35.82,109000,9.033251
2006-03-24,35.529999,36.169998,35.529999,35.650002,92400,8.99038
2006-03-23,35.200001,35.990002,34.869999,35.830002,105200,9.035774
2006-03-22,33.779999,35.080002,33.68,35.080002,136400,8.846635
2006-03-21,34.240002,35.00,33.799999,34.240002,457800,8.6348
2006-03-20,36.169998,36.360001,35.02,35.040001,264800,8.836548
2006-03-17,36.09,36.419998,36.00,36.169998,108400,9.121515
2006-03-16,36.220001,36.43,35.900002,36.139999,268000,9.11395
2006-03-15,36.400002,36.66,36.18,36.439999,140800,9.189605
2006-03-14,36.720001,36.720001,36.16,36.610001,89600,9.232477
2006-03-13,36.279999,36.740002,36.220001,36.709999,100200,9.257695
2006-03-10,36.240002,36.77,36.009998,36.32,88200,9.159343
2006-03-09,36.830002,36.830002,36.099998,36.43,162600,9.187084
2006-03-08,36.299999,36.75,36.040001,36.50,175600,9.204737
2006-03-07,36.869999,36.869999,36.009998,36.700001,194600,9.255174
2006-03-06,37.50,37.50,36.610001,36.990002,162800,9.328308
2006-03-03,37.689999,37.700001,37.099998,37.389999,101200,9.429181
2006-03-02,37.330002,37.720001,37.009998,37.32,143000,9.411528
2006-03-01,36.860001,37.549999,36.720001,37.02,93200,9.335873
2006-02-28,37.00,37.18,36.509998,36.91,159200,9.308132
2006-02-27,37.599998,37.799999,36.810001,37.18,172600,9.376222
2006-02-24,37.16,37.900002,37.130001,37.619999,141200,9.487183
2006-02-23,37.27,37.970001,37.25,37.41,124000,9.434225
2006-02-22,37.599998,37.970001,37.00,37.490002,205600,9.4544
2006-02-21,37.41,37.700001,37.119999,37.400002,191400,9.431703
2006-02-17,36.950001,37.310001,36.740002,37.080002,233600,9.351004
2006-02-16,36.139999,36.619999,36.040001,36.400002,402600,9.179519
2006-02-15,36.400002,36.810001,35.799999,36.139999,289000,9.11395
2006-02-14,36.630001,36.990002,36.049999,36.130001,369000,9.111429
2006-02-13,37.580002,37.900002,36.18,36.810001,303600,9.282914
2006-02-10,38.18,38.259998,36.849998,37.889999,332400,9.555273
2006-02-09,39.830002,39.880001,38.119999,38.450001,153600,9.696497
2006-02-08,39.50,39.669998,38.259998,39.389999,202000,9.93355
2006-02-07,40.52,40.52,39.00,39.52,187200,9.966334
2006-02-06,39.68,40.700001,39.650002,40.450001,337400,10.200866
2006-02-03,39.23,39.830002,38.830002,39.630001,256400,9.994075
2006-02-02,39.200001,39.84,39.200001,39.57,304400,9.978943
2006-02-01,38.27,39.290001,38.00,39.200001,374800,9.769631
2006-01-31,37.830002,38.110001,37.75,38.00,152400,9.47056
2006-01-30,37.799999,38.950001,37.599998,37.990002,335200,9.468069
2006-01-27,37.799999,38.23,37.290001,37.91,221600,9.44813
2006-01-26,38.139999,38.450001,37.540001,38.049999,302400,9.483021
2006-01-25,39.00,39.439999,38.080002,38.529999,171400,9.602649
2006-01-24,39.290001,39.419998,39.09,39.240002,148600,9.7796
2006-01-23,39.209999,39.400002,38.860001,39.040001,129000,9.729755
2006-01-20,39.169998,39.549999,38.77,39.34,110800,9.804522
2006-01-19,39.400002,39.639999,39.110001,39.450001,242600,9.831937
2006-01-18,39.009998,39.389999,38.77,39.099998,392800,9.744708
2006-01-17,38.50,39.25,38.439999,39.110001,173400,9.747201
2006-01-13,38.419998,39.299999,38.25,39.040001,162600,9.729755
2006-01-12,39.310001,39.57,38.41,38.619999,169000,9.62508
2006-01-11,38.50,39.68,38.50,39.310001,218400,9.797046
2006-01-10,38.18,38.990002,38.150002,38.790001,269800,9.667449
2006-01-09,37.09,39.599998,37.00,39.02,958200,9.72477
2006-01-06,39.099998,39.82,39.099998,39.799999,367200,9.919166
2006-01-05,38.50,38.959999,38.240002,38.959999,372000,9.709816
2006-01-04,38.07,38.389999,37.50,38.389999,207400,9.567758
2006-01-03,37.200001,37.93,37.130001,37.889999,251400,9.443145
2005-12-30,37.049999,37.369999,36.509998,37.200001,322400,9.27118
2005-12-29,36.82,37.700001,36.560001,37.349998,420600,9.308564
2005-12-28,36.66,36.950001,36.00,36.810001,163800,9.173983
2005-12-27,36.459999,36.700001,36.02,36.360001,295200,9.061831
2005-12-23,36.689999,37.25,36.450001,36.450001,155600,9.084261
2005-12-22,36.610001,37.23,36.25,36.970001,220800,9.213859
2005-12-21,36.779999,36.790001,35.709999,36.490002,343400,9.094231
2005-12-20,36.599998,36.959999,35.450001,35.619999,408000,8.877404
2005-12-19,37.439999,37.669998,36.450001,36.66,382800,9.136598
2005-12-16,37.700001,38.02,37.330002,37.73,212400,9.403269
2005-12-15,38.75,38.98,37.619999,38.130001,260400,9.50296
2005-12-14,38.279999,39.130001,38.119999,38.59,201000,9.617603
2005-12-13,39.25,39.450001,38.799999,38.990002,226000,9.717294
2005-12-12,39.380001,39.75,39.110001,39.389999,207000,9.816983
2005-12-09,40.50,40.50,39.459999,39.740002,199800,9.904213
2005-12-08,40.599998,40.68,40.080002,40.349998,159600,10.056239
2005-12-07,41.009998,41.450001,40.610001,40.810001,283400,10.170884
2005-12-06,41.09,41.75,40.849998,41.369999,269200,10.310449
2005-12-05,40.50,41.00,40.00,40.700001,239000,10.143469
2005-12-02,39.880001,40.419998,39.650002,40.419998,190400,10.073685
2005-12-01,39.91,40.360001,39.639999,40.150002,117800,10.006395
2005-11-30,39.540001,40.25,39.52,39.799999,110000,9.919166
2005-11-29,39.259998,39.990002,39.00,39.52,165600,9.849383
2005-11-28,40.00,40.799999,38.700001,39.25,233000,9.782092
2005-11-25,40.50,40.599998,39.830002,40.400002,77600,10.068701
2005-11-23,40.310001,40.73,39.540001,40.279999,142600,10.038794
2005-11-22,40.369999,41.299999,39.75,40.310001,180400,10.046271
2005-11-21,40.00,40.619999,40.00,40.369999,269800,10.061224
2005-11-18,41.310001,41.310001,40.09,40.299999,203400,10.043778
2005-11-17,40.169998,41.490002,39.799999,41.150002,119600,10.25562
2005-11-16,40.259998,40.610001,39.50,39.860001,227400,9.93412
2005-11-15,41.099998,41.25,40.009998,40.470001,160600,10.086147
2005-11-14,41.880001,41.880001,40.740002,40.799999,156600,10.168391
2005-11-11,40.919998,41.990002,40.650002,41.50,79400,10.342849
2005-11-10,41.439999,41.810001,40.759998,41.099998,135200,10.243158
2005-11-09,41.619999,43.00,40.740002,41.709999,165200,10.395186
2005-11-08,41.73,42.18,40.959999,41.43,136400,10.325403
2005-11-07,41.740002,41.939999,40.98,41.389999,111400,10.315434
2005-11-04,42.810001,42.810001,41.060001,41.740002,119000,10.402663
2005-11-03,43.00,43.349998,42.209999,42.290001,177600,10.539737
2005-11-02,41.900002,42.880001,41.599998,42.259998,131400,10.53226
2005-11-01,42.00,42.549999,41.32,41.689999,179200,10.287271
2005-10-31,41.98,42.599998,40.549999,42.240002,285200,10.422988
2005-10-28,40.50,41.00,39.369999,40.549999,252600,10.005969
2005-10-27,43.16,43.16,39.00,40.619999,229200,10.023242
2005-10-26,42.48,43.57,41.919998,42.200001,178400,10.413117
2005-10-25,42.900002,43.580002,42.66,43.080002,208600,10.630263
2005-10-24,40.490002,43.07,39.790001,42.709999,370200,10.538963
2005-10-21,38.009998,40.169998,37.75,39.52,229800,9.75181
2005-10-20,40.200001,40.779999,38.099998,38.310001,229800,9.453235
2005-10-19,40.00,40.599998,38.25,40.299999,289600,9.94428
2005-10-18,41.50,41.740002,39.310001,39.790001,219600,9.818435
2005-10-17,40.09,41.919998,40.09,41.50,238800,10.240388
2005-10-14,39.919998,41.43,39.00,40.099998,308200,9.894928
2005-10-13,42.040001,42.060001,39.00,40.50,398000,9.993631
2005-10-12,43.50,43.98,41.529999,42.259998,196800,10.427922
2005-10-11,43.110001,43.849998,41.00,43.349998,287000,10.696887
2005-10-10,43.290001,44.259998,42.610001,43.009998,228200,10.612989
2005-10-07,41.700001,43.439999,40.98,42.50,241400,10.487144
2005-10-06,42.049999,43.00,39.560001,41.860001,728000,10.32922
2005-10-05,46.18,46.310001,41.50,42.689999,571600,10.534027
2005-10-04,45.959999,46.599998,45.75,46.18,337400,11.395207
2005-10-03,45.599998,46.419998,45.549999,45.919998,252200,11.33105
2005-09-30,45.830002,47.790001,45.75,45.939999,414800,11.335985
2005-09-29,45.889999,46.34,45.650002,45.950001,119800,11.338454
2005-09-28,46.560001,46.630001,45.50,45.919998,210800,11.33105
2005-09-27,46.119999,46.66,45.630001,46.209999,90600,11.40261
2005-09-26,44.540001,47.23,44.41,45.990002,389200,11.348324
2005-09-23,44.799999,45.50,43.509998,44.029999,244200,10.864681
2005-09-22,46.549999,46.619999,44.470001,45.18,286600,11.148451
2005-09-21,45.00,46.720001,45.00,46.00,417600,11.350791
2005-09-20,46.98,47.049999,44.73,45.299999,361200,11.178062
2005-09-19,45.790001,47.470001,45.130001,46.529999,590600,11.481572
2005-09-16,44.099998,44.970001,43.349998,44.939999,272600,11.089229
2005-09-15,88.209999,89.059998,87.260002,88.18,91600,10.879487
2005-09-14,88.010002,88.480003,87.07,88.209999,102000,10.883188
2005-09-13,88.150002,89.370003,86.660004,88.010002,227200,10.858513
2005-09-12,90.559998,92.169998,87.519997,88.699997,345200,10.943643
2005-09-09,88.150002,91.199997,87.540001,90.889999,317200,11.213841
2005-09-08,87.57,88.849998,86.519997,88.410004,237600,10.907864
2005-09-07,87.900002,89.470001,86.589996,88.010002,286400,10.858513
2005-09-06,90.00,90.220001,83.690002,88.209999,874400,10.883188
2005-09-02,89.870003,90.760002,88.099998,89.400002,368000,11.030008
2005-09-01,92.639999,92.639999,88.790001,91.50,358800,11.289102
2005-08-31,89.970001,93.029999,88.620003,91.93,485600,11.342155
2005-08-30,88.269997,90.660004,88.269997,89.32,334800,11.020138
2005-08-29,89.989998,90.230003,88.07,88.970001,512800,10.976955
2005-08-26,91.510002,92.739998,88.029999,90.00,252000,11.104035
2005-08-25,92.620003,92.620003,91.25,91.510002,138400,11.290336
2005-08-24,91.50,92.879997,91.120003,92.160004,192800,11.370532
2005-08-23,93.00,94.669998,91.400002,92.00,335600,11.350791
2005-08-22,91.230003,94.07,90.900002,92.739998,407600,11.442091
2005-08-19,88.989998,91.57,88.720001,90.370003,348400,11.149685
2005-08-18,88.00,89.120003,87.760002,87.919998,310000,10.847408
2005-08-17,86.959999,88.980003,86.959999,88.660004,513200,10.938709
2005-08-16,90.839996,91.00,86.010002,88.129997,936400,10.873317
2005-08-15,94.720001,94.720001,89.290001,91.099998,966000,11.239751
2005-08-12,94.18,96.82,94.07,96.220001,332800,11.871447
2005-08-11,92.93,95.199997,92.43,94.889999,223600,11.707354
2005-08-10,94.300003,96.209999,92.779999,93.290001,344000,11.509949
2005-08-09,92.339996,94.00,91.529999,93.82,470400,11.575339
2005-08-08,89.300003,93.540001,89.25,92.00,506400,11.350791
2005-08-05,91.400002,93.419998,89.120003,90.00,526000,11.104035
2005-08-04,92.769997,93.769997,88.690002,89.199997,515200,11.005332
2005-08-03,91.00,92.75,90.519997,91.410004,349600,11.277999
2005-08-02,89.730003,96.199997,88.779999,90.470001,1469600,11.060236
2005-08-01,84.690002,88.529999,84.00,88.529999,798800,10.823065
2005-07-29,81.00,84.75,81.00,83.940002,719200,10.261923
2005-07-28,78.989998,80.959999,78.93,80.900002,350000,9.890274
2005-07-27,78.00,79.239998,77.860001,78.699997,312400,9.621317
2005-07-26,76.839996,77.080002,76.150002,76.57,66000,9.360918
2005-07-25,77.220001,78.690002,76.760002,77.080002,167600,9.423267
2005-07-22,76.739998,76.989998,75.459999,76.989998,113600,9.412264
2005-07-21,75.68,76.709999,75.68,75.860001,168800,9.274118
2005-07-20,74.779999,76.239998,74.779999,75.650002,149600,9.248445
2005-07-19,72.949997,75.82,72.949997,75.160004,215600,9.188542
2005-07-18,71.150002,73.07,71.150002,72.730003,310400,8.891467
2005-07-15,74.50,74.50,71.099998,71.25,1056800,8.710532
2005-07-14,76.660004,77.970001,74.540001,75.029999,292000,9.172648
2005-07-13,78.120003,78.25,76.889999,76.919998,104800,9.403706
2005-07-12,75.970001,77.449997,75.629997,77.339996,117200,9.455052
2005-07-11,75.900002,76.18,75.25,76.059998,171600,9.298569
2005-07-08,75.309998,75.900002,75.059998,75.900002,133600,9.279009
2005-07-07,74.440002,75.480003,74.00,75.379997,170400,9.215436
2005-07-06,75.199997,75.239998,74.709999,75.00,118000,9.168981
2005-07-05,75.50,75.650002,74.669998,74.75,144400,9.138417
2005-07-01,74.099998,75.099998,73.949997,74.919998,60400,9.1592
2005-06-30,74.00,74.099998,73.169998,74.00,85200,9.046728
2005-06-29,72.599998,73.730003,72.589996,73.650002,54000,9.003939
2005-06-28,73.529999,74.00,72.400002,72.669998,146000,8.884131
2005-06-27,73.00,73.980003,73.00,73.529999,80000,8.989268
2005-06-24,74.540001,74.980003,73.25,73.349998,84800,8.967263
2005-06-23,74.879997,76.199997,74.459999,74.50,139200,9.107854
2005-06-22,75.620003,75.620003,74.839996,75.040001,264000,9.173871
2005-06-21,76.059998,76.470001,75.470001,75.510002,251600,9.23133
2005-06-20,74.220001,76.599998,74.050003,75.980003,282000,9.288789
2005-06-17,75.00,75.379997,74.010002,75.360001,182000,9.212992
2005-06-16,73.290001,74.989998,73.290001,74.300003,277200,9.083404
2005-06-15,72.699997,73.220001,72.209999,72.980003,112400,8.92203
2005-06-14,72.809998,73.50,71.800003,72.080002,170800,8.812002
2005-06-13,73.00,74.150002,72.410004,73.139999,185600,8.94159
2005-06-10,74.00,74.00,72.339996,73.169998,157200,8.945257
2005-06-09,72.980003,74.18,72.589996,73.50,121600,8.985601
2005-06-08,73.699997,74.00,73.00,73.160004,191600,8.944035
2005-06-07,74.68,74.989998,73.690002,74.18,203200,9.068733
2005-06-06,73.099998,74.589996,73.099998,74.160004,204000,9.066289
2005-06-03,73.25,74.040001,72.800003,73.019997,184800,8.926919
2005-06-02,71.540001,73.410004,71.099998,73.25,250000,8.955038
2005-06-01,71.730003,72.760002,71.50,72.300003,338800,8.838898
2005-05-31,71.779999,71.779999,69.290001,71.209999,261200,8.705641
2005-05-27,71.120003,71.199997,70.669998,71.110001,292800,8.693416
2005-05-26,70.139999,71.00,70.139999,70.919998,166000,8.670188
2005-05-25,70.330002,70.760002,69.150002,70.300003,166000,8.594392
2005-05-24,69.400002,70.43,68.160004,70.150002,188000,8.576053
2005-05-23,69.25,70.160004,68.00,69.459999,144000,8.491698
2005-05-20,67.50,69.32,67.300003,69.190002,206400,8.458691
2005-05-19,69.160004,69.160004,67.589996,68.349998,193200,8.355998
2005-05-18,69.360001,69.82,68.459999,68.989998,286000,8.434239
2005-05-17,66.25,68.910004,66.25,68.449997,247200,8.368223
2005-05-16,67.809998,67.82,65.239998,66.75,382800,8.160393
2005-05-13,68.349998,68.50,66.690002,67.440002,262000,8.244748
2005-05-12,69.839996,70.00,67.010002,68.849998,426800,8.417124
2005-05-11,68.25,69.970001,67.730003,69.379997,243600,8.481918
2005-05-10,69.709999,70.00,68.360001,68.769997,280400,8.407344
2005-05-09,68.160004,70.00,67.900002,69.400002,398400,8.484364
2005-05-06,67.989998,68.00,66.800003,67.699997,292000,8.276533
2005-05-05,66.50,67.370003,66.50,66.790001,247600,8.165283
2005-05-04,65.639999,66.879997,65.620003,66.68,205600,8.151835
2005-05-03,66.68,67.419998,66.25,66.300003,361600,8.013689
2005-05-02,65.00,66.93,64.580002,66.400002,347200,8.025776
2005-04-29,62.700001,65.139999,62.380001,65.040001,309600,7.861393
2005-04-28,64.849998,64.849998,62.189999,62.759998,239200,7.585809
2005-04-27,65.940002,66.199997,63.110001,64.629997,404800,7.811836
2005-04-26,67.129997,68.529999,65.059998,65.629997,461600,7.932706
2005-04-25,65.50,67.760002,64.730003,66.900002,530400,8.086211
2005-04-22,61.990002,65.440002,61.700001,65.00,1125600,7.856558
2005-04-21,60.369999,61.98,59.889999,61.34,694400,7.414173
2005-04-20,59.50,60.349998,57.41,58.360001,380400,7.05398
2005-04-19,57.459999,59.700001,57.459999,59.27,343600,7.163972
2005-04-18,56.970001,58.25,56.110001,57.529999,401600,6.953658
2005-04-15,57.00,58.50,56.09,57.509998,656000,6.95124
2005-04-14,58.860001,59.029999,55.50,57.77,1444800,6.982667
2005-04-13,62.43,62.939999,57.75,59.240002,859600,7.160346
2005-04-12,63.02,63.540001,60.790001,62.900002,432800,7.602731
2005-04-11,63.790001,64.029999,62.139999,63.549999,284400,7.681296
2005-04-08,65.25,65.470001,63.200001,64.25,268800,7.765905
2005-04-07,64.910004,65.870003,64.629997,65.550003,302000,7.923037
2005-04-06,65.949997,66.00,64.809998,64.970001,378800,7.852932
2005-04-05,64.800003,65.900002,64.620003,65.50,249600,7.916993
2005-04-04,66.010002,66.599998,64.599998,65.00,299600,7.856558
2005-04-01,64.120003,66.50,64.080002,65.57,540800,7.925454
2005-03-31,63.189999,64.830002,63.00,64.279999,795200,7.769531
2005-03-30,60.369999,63.060001,60.200001,62.619999,1108800,7.568887
2005-03-29,65.25,65.739998,60.400002,60.869999,2189600,7.357364
2005-03-28,69.07,69.239998,65.349998,65.739998,1096800,7.946001
2005-03-24,69.00,70.940002,68.760002,69.290001,346400,8.375091
2005-03-23,73.580002,73.580002,68.269997,69.519997,1018400,8.40289
2005-03-22,74.989998,75.919998,72.050003,72.43,301200,8.754623
2005-03-21,74.599998,75.730003,73.870003,74.290001,268800,8.979441
2005-03-18,75.00,75.43,73.730003,73.93,318400,8.935928
2005-03-17,72.080002,75.300003,72.07,74.400002,311200,8.992737
2005-03-16,72.75,72.75,71.559998,72.080002,196000,8.712319
2005-03-15,73.199997,73.480003,72.529999,72.860001,213600,8.806597
2005-03-14,74.809998,74.809998,72.400002,73.129997,213200,8.839232
2005-03-11,72.25,74.470001,72.00,73.610001,231600,8.89725
2005-03-10,76.599998,76.860001,71.379997,73.18,921600,8.845275
2005-03-09,76.860001,77.150002,76.099998,76.699997,238400,9.270738
2005-03-08,78.559998,78.739998,76.849998,77.339996,324000,9.348095
2005-03-07,80.989998,80.989998,78.110001,78.800003,336000,9.524566
2005-03-04,79.389999,80.00,78.150002,79.75,298800,9.639392
2005-03-03,77.68,79.75,77.269997,78.019997,358400,9.430286
2005-03-02,75.080002,78.769997,75.080002,78.25,381200,9.458087
2005-03-01,77.879997,77.970001,75.360001,76.220001,534000,9.212721
2005-02-28,75.940002,77.019997,74.910004,77.019997,736800,9.309416
2005-02-25,73.50,75.730003,72.529999,75.010002,512400,9.066468
2005-02-24,73.489998,74.169998,71.610001,72.50,503600,8.763084
2005-02-23,71.550003,73.449997,71.550003,73.099998,333200,8.835606
2005-02-22,71.900002,72.449997,71.209999,71.220001,199200,8.60837
2005-02-18,72.00,72.050003,71.260002,71.389999,147200,8.628918
2005-02-17,72.379997,72.389999,71.120003,71.900002,187200,8.690562
2005-02-16,70.940002,72.550003,70.510002,71.849998,345600,8.684518
2005-02-15,72.00,72.00,70.279999,70.970001,206400,8.578153
2005-02-14,71.050003,71.669998,71.00,71.419998,143600,8.632544
2005-02-11,72.00,72.00,71.00,71.230003,102800,8.609579
2005-02-10,70.50,71.790001,69.290001,71.550003,480000,8.648258
2005-02-09,72.00,72.419998,70.440002,70.989998,191200,8.58057
2005-02-08,72.099998,72.099998,70.209999,71.599998,276000,8.6543
2005-02-07,72.800003,73.739998,72.00,72.43,344800,8.754623
2005-02-04,73.00,73.25,71.360001,72.419998,292000,8.753414
2005-02-03,72.400002,73.00,71.50,72.980003,359600,8.821102
2005-02-02,71.330002,72.849998,71.25,72.230003,407200,8.639797
2005-02-01,70.879997,71.00,70.199997,70.949997,319200,8.486689
2005-01-31,69.260002,71.239998,68.050003,70.139999,532800,8.389801
2005-01-28,70.75,71.889999,69.099998,69.660004,347600,8.332386
2005-01-27,72.449997,72.989998,70.849998,71.330002,420800,8.532143
2005-01-26,71.309998,72.970001,71.309998,72.559998,166000,8.679269
2005-01-25,72.379997,73.190002,71.50,71.540001,168000,8.557262
2005-01-24,72.00,73.510002,71.290001,72.239998,267200,8.640992
2005-01-21,68.730003,71.50,68.550003,71.300003,322400,8.528555
2005-01-20,71.459999,72.209999,68.699997,69.290001,512800,8.288128
2005-01-19,73.50,74.00,71.589996,71.589996,356400,8.563242
2005-01-18,73.459999,73.50,72.849998,73.349998,281600,8.773765
2005-01-14,71.989998,72.839996,71.57,72.480003,452800,8.669701
2005-01-13,71.110001,71.68,70.559998,71.129997,333600,8.50822
2005-01-12,71.68,71.68,70.290001,70.599998,304400,8.444824
2005-01-11,70.050003,71.419998,69.25,70.43,428800,8.424489
2005-01-10,68.160004,70.040001,67.669998,69.800003,412400,8.349132
2005-01-07,67.50,68.379997,66.50,67.260002,408400,8.04531
2005-01-06,67.800003,68.849998,67.50,67.889999,278400,8.120667
2005-01-05,70.00,71.099998,67.50,67.919998,609200,8.124255
2005-01-04,70.099998,71.949997,70.050003,70.150002,410400,8.390997
2005-01-03,74.160004,74.160004,70.029999,71.220001,636800,8.518985
2004-12-31,72.010002,74.769997,72.00,74.00,232800,8.851515
2004-12-30,73.970001,74.00,72.150002,72.75,168800,8.701996
2004-12-29,71.400002,73.989998,70.900002,73.489998,278800,8.790511
2004-12-28,69.50,71.32,69.50,71.32,239200,8.530947
2004-12-27,71.150002,71.800003,68.389999,70.199997,558000,8.396978
2004-12-23,74.650002,74.650002,72.50,72.739998,154400,8.7008
2004-12-22,73.400002,74.209999,72.75,74.00,386400,8.851515
2004-12-21,71.25,73.32,71.00,72.849998,498000,8.713958
2004-12-20,70.00,71.489998,69.50,71.269997,400000,8.524966
2004-12-17,69.360001,69.940002,68.849998,69.940002,189600,8.365878
2004-12-16,69.900002,71.300003,69.519997,69.800003,394400,8.349132
2004-12-15,69.120003,70.300003,68.440002,69.900002,292400,8.361094
2004-12-14,66.50,69.199997,66.489998,69.00,446000,8.25344
2004-12-13,66.300003,66.989998,66.300003,66.510002,329200,7.955599
2004-12-10,66.830002,67.629997,66.010002,66.300003,238400,7.93048
2004-12-09,63.00,66.650002,63.00,66.040001,440400,7.899379
2004-12-08,62.669998,63.880001,61.869999,63.50,438800,7.595557
2004-12-07,63.84,64.75,62.869999,63.299999,680800,7.571634
2004-12-06,67.360001,68.860001,64.660004,65.059998,528800,7.782156
2004-12-03,63.650002,65.82,62.50,65.82,603200,7.873064
2004-12-02,68.150002,69.349998,61.099998,63.00,1693600,7.535749
2004-12-01,70.150002,70.330002,67.800003,67.989998,408000,8.132628
2004-11-30,70.529999,70.529999,69.650002,70.25,175200,8.402959
2004-11-29,71.00,71.00,68.75,69.559998,393600,8.320424
2004-11-26,69.889999,70.010002,69.519997,69.959999,240400,8.36827
2004-11-24,69.43,69.889999,67.800003,69.529999,462400,8.316836
2004-11-23,67.07,71.349998,66.800003,69.199997,931200,8.277363
2004-11-22,64.610001,66.860001,64.610001,66.800003,372400,7.990287
2004-11-19,65.790001,65.830002,64.510002,64.510002,179600,7.716368
2004-11-18,64.75,66.389999,64.510002,65.379997,228400,7.820433
2004-11-17,64.989998,66.449997,64.57,65.129997,452000,7.790529
2004-11-16,65.339996,65.769997,64.099998,65.040001,753600,7.779764
2004-11-15,62.23,63.459999,62.23,62.700001,630000,7.499865
2004-11-12,59.400002,62.98,58.650002,62.41,840400,7.465177
2004-11-11,59.470001,59.470001,58.299999,59.400002,190800,7.105135
2004-11-10,56.77,58.830002,56.200001,58.650002,382000,7.015424
2004-11-09,57.990002,58.02,56.130001,56.75,531600,6.788155
2004-11-08,58.110001,59.450001,57.580002,57.98,363200,6.935282
2004-11-05,60.919998,60.919998,57.639999,59.099998,451200,7.06925
2004-11-04,58.369999,60.470001,58.369999,60.470001,280000,7.233123
2004-11-03,58.459999,59.450001,58.459999,59.299999,349200,7.093174
2004-11-02,59.34,59.939999,57.299999,58.150002,486000,6.955617
2004-11-01,57.279999,59.82,56.91,59.189999,372000,7.080016
2004-10-29,56.18,59.00,56.029999,57.900002,454400,6.925713
2004-10-28,60.02,61.00,56.59,57.66,1403600,6.897005
2004-10-27,66.00,66.50,54.799999,62.23,2372400,7.365896
2004-10-26,65.00,66.080002,64.82,65.449997,493600,7.747033
2004-10-25,63.00,65.349998,62.970001,64.730003,303600,7.661811
2004-10-22,65.00,65.00,62.84,62.84,186000,7.438099
2004-10-21,64.019997,64.300003,62.419998,63.119999,239600,7.471241
2004-10-20,63.099998,64.550003,62.419998,63.689999,272400,7.53871
2004-10-19,62.00,64.389999,61.799999,62.59,338000,7.408508
2004-10-18,62.110001,62.59,61.75,62.00,355600,7.338672
2004-10-15,60.25,62.09,58.950001,61.299999,308400,7.255816
2004-10-14,59.099998,62.889999,58.599998,60.259998,662800,7.132715
2004-10-13,58.549999,59.700001,56.23,57.950001,613200,6.859291
2004-10-12,58.220001,59.040001,57.810001,58.50,217200,6.924392
2004-10-11,59.220001,59.650002,57.779999,58.740002,137600,6.9528
2004-10-08,60.139999,60.139999,57.790001,59.209999,496800,7.008432
2004-10-07,59.919998,60.48,59.16,59.389999,268400,7.029737
2004-10-06,57.880001,60.43,57.689999,59.50,675600,7.042758
2004-10-05,57.259998,57.709999,56.41,57.68,144800,6.827332
2004-10-04,56.02,57.25,56.00,56.439999,233600,6.680559
2004-10-01,56.00,57.779999,55.220001,56.080002,251600,6.637947
2004-09-30,55.509998,56.279999,55.009998,55.669998,151200,6.589417
2004-09-29,55.779999,56.57,55.209999,55.959999,232400,6.623743
2004-09-28,54.580002,55.849998,54.049999,55.209999,223200,6.534969
2004-09-27,53.48,54.650002,53.360001,54.029999,229200,6.395297
2004-09-24,52.939999,53.59,52.259998,53.310001,127200,6.310074
2004-09-23,53.459999,53.459999,52.299999,52.650002,146800,6.231953
2004-09-22,53.650002,53.650002,52.619999,52.970001,126400,6.26983
2004-09-21,53.259998,53.610001,52.790001,53.029999,107600,6.276932
2004-09-20,53.099998,53.610001,52.869999,53.209999,222000,6.298237
2004-09-17,54.400002,54.400002,53.150002,53.209999,136800,6.298237
2004-09-16,52.900002,54.290001,52.189999,53.810001,917600,6.369257
2004-09-15,52.689999,53.490002,52.50,52.93,195600,6.265095
2004-09-14,53.650002,54.099998,52.029999,53.360001,330400,6.315993
2004-09-13,52.349998,54.00,51.310001,52.299999,422800,6.190525
2004-09-10,50.73,51.369999,50.099998,50.830002,147200,6.016527
2004-09-09,50.650002,51.220001,50.50,50.98,176400,6.034282
2004-09-08,50.66,52.330002,49.82,50.189999,318000,5.940773
2004-09-07,49.650002,51.560001,49.25,51.130001,324000,6.052037
2004-09-03,49.220001,50.00,49.220001,49.23,106400,5.827142
2004-09-02,49.490002,50.080002,49.209999,49.869999,88400,5.902896
2004-09-01,49.759998,50.040001,48.98,49.73,116000,5.886325
2004-08-31,50.049999,50.779999,49.099998,49.18,162800,5.821224
2004-08-30,49.52,50.110001,49.099998,49.68,181200,5.880407
2004-08-27,48.23,50.00,47.799999,50.00,294000,5.918284
2004-08-26,49.18,49.389999,47.599998,48.119999,229200,5.695756
2004-08-25,49.779999,49.779999,48.27,49.169998,198000,5.82004
2004-08-24,49.66,49.919998,48.599998,49.299999,138400,5.835428
2004-08-23,49.00,50.509998,48.509998,49.220001,250000,5.825959
2004-08-20,50.849998,51.59,48.73,48.73,536000,5.767959
2004-08-19,52.040001,52.540001,50.110001,50.75,469600,6.007058
2004-08-18,50.869999,51.700001,50.209999,51.599998,370000,6.107669
2004-08-17,51.16,51.16,50.09,50.700001,255200,6.00114
2004-08-16,50.459999,51.509998,50.009998,50.509998,346800,5.97865
2004-08-13,49.779999,50.07,49.02,49.950001,226000,5.912366
2004-08-12,49.310001,49.740002,48.529999,49.34,133200,5.840162
2004-08-11,49.279999,49.279999,48.50,48.990002,109200,5.798735
2004-08-10,48.849998,49.900002,48.299999,49.25,262000,5.82951
2004-08-09,46.599998,49.00,46.599998,48.619999,334400,5.754939
2004-08-06,46.00,47.200001,45.27,46.669998,681200,5.524126
2004-08-05,51.290001,52.049999,47.700001,48.490002,410800,5.739552
2004-08-04,51.57,51.810001,50.959999,51.560001,389200,6.102934
2004-08-03,49.779999,51.849998,49.68,50.650002,660400,5.995222
2004-08-02,49.869999,49.869999,49.00,49.209999,250000,5.824775
2004-07-30,47.48,49.740002,47.200001,49.189999,274400,5.822407
2004-07-29,47.490002,48.959999,47.00,47.380001,266400,5.608166
2004-07-28,46.32,48.240002,46.139999,47.75,390800,5.575023
2004-07-27,44.610001,45.950001,44.299999,45.799999,222000,5.347352
2004-07-26,45.84,46.68,44.290001,44.810001,390000,5.231765
2004-07-23,45.549999,46.98,45.529999,45.57,252800,5.320499
2004-07-22,47.869999,48.360001,44.119999,45.66,790400,5.331006
2004-07-21,47.459999,48.57,47.400002,47.889999,250400,5.591369
2004-07-20,49.790001,49.790001,47.009998,47.84,481600,5.585531
2004-07-19,49.360001,49.869999,49.16,49.599998,235600,5.791019
2004-07-16,48.43,49.740002,48.43,49.50,278000,5.779343
2004-07-15,47.619999,49.130001,47.50,48.869999,279600,5.705788
2004-07-14,47.049999,48.439999,47.049999,47.93,294800,5.596039
2004-07-13,47.400002,47.650002,47.00,47.259998,302400,5.517813
2004-07-12,47.650002,47.799999,47.169998,47.490002,310400,5.544667
2004-07-09,48.34,48.48,47.50,47.889999,342800,5.591369
2004-07-08,48.060001,48.560001,48.060001,48.50,306800,5.662589
2004-07-07,48.91,49.419998,47.50,48.310001,390400,5.640406
2004-07-06,47.450001,48.900002,47.099998,48.66,385200,5.68127
2004-07-02,47.040001,47.490002,46.57,47.09,163200,5.497965
2004-07-01,46.16,48.099998,46.099998,46.75,547600,5.458269
2004-06-30,45.130001,46.779999,44.689999,46.66,277200,5.447761
2004-06-29,44.09,45.279999,44.009998,45.279999,173600,5.28664
2004-06-28,44.990002,45.23,44.049999,44.049999,190000,5.143032
2004-06-25,45.75,45.75,44.720001,44.98,210400,5.251613
2004-06-24,44.799999,47.380001,44.360001,45.759998,598400,5.342682
2004-06-23,44.189999,45.00,44.00,44.740002,260400,5.223593
2004-06-22,43.549999,44.299999,43.360001,44.189999,152400,5.159377
2004-06-21,42.790001,43.50,42.459999,43.450001,81600,5.072979
2004-06-18,43.02,43.450001,42.48,42.52,87600,4.964398
2004-06-17,43.509998,43.509998,41.93,42.919998,177200,5.011099
2004-06-16,42.91,43.50,42.50,43.490002,130000,5.07765
2004-06-15,42.470001,43.389999,42.00,42.889999,252400,5.007597
2004-06-14,42.450001,42.470001,41.610001,42.080002,243600,4.913026
2004-06-10,41.00,42.00,40.98,41.700001,77600,4.868659
2004-06-09,42.360001,42.360001,40.630001,40.700001,186000,4.751905
2004-06-08,42.25,42.459999,41.84,42.25,102000,4.932874
2004-06-07,41.689999,42.25,41.50,42.25,156800,4.932874
2004-06-04,41.900002,42.279999,41.32,41.50,164000,4.845308
2004-06-03,41.860001,42.43,41.369999,42.02,191200,4.90602
2004-06-02,40.610001,42.00,40.610001,41.75,267600,4.874497
2004-06-01,40.41,42.220001,40.23,40.439999,366400,4.721548
2004-05-28,40.66,41.029999,39.700001,40.220001,90000,4.695863
2004-05-27,40.889999,41.099998,40.009998,40.77,127600,4.760077
2004-05-26,39.619999,40.419998,39.040001,40.41,115200,4.718046
2004-05-25,38.75,40.349998,38.599998,39.950001,181200,4.664339
2004-05-24,38.630001,38.630001,38.029999,38.48,312000,4.49271
2004-05-21,38.779999,39.18,38.07,38.07,84800,4.44484
2004-05-20,39.869999,40.00,38.810001,38.84,148800,4.534741
2004-05-19,38.709999,39.59,38.549999,38.610001,281600,4.507888
2004-05-18,38.07,39.880001,38.07,39.200001,135200,4.576773
2004-05-17,37.869999,38.990002,37.610001,38.470001,174800,4.491542
2004-05-14,37.610001,37.970001,37.130001,37.599998,218800,4.389966
2004-05-13,38.00,38.240002,37.119999,37.599998,146000,4.389966
2004-05-12,38.189999,38.189999,37.50,37.869999,207600,4.421489
2004-05-11,36.509998,38.93,36.50,38.18,184800,4.457684
2004-05-10,38.610001,38.610001,35.68,37.00,427600,4.319913
2004-05-07,39.150002,39.599998,38.080002,38.080002,170800,4.446008
2004-05-06,39.880001,40.450001,38.50,39.009998,212400,4.554589
2004-05-05,40.799999,41.060001,40.040001,40.599998,172800,4.740229
2004-05-04,40.009998,40.990002,39.400002,40.990002,211600,4.785764
2004-05-03,38.84,40.400002,38.50,39.889999,434000,4.657333
2004-04-30,38.07,38.860001,37.299999,38.669998,456400,4.514893
2004-04-29,41.400002,41.50,38.549999,38.959999,489600,4.548752
2004-04-28,40.880001,41.439999,40.439999,41.400002,688800,4.760661
2004-04-27,39.830002,41.470001,39.50,40.700001,478800,4.680167
2004-04-26,39.349998,39.759998,38.50,39.220001,402400,4.509979
2004-04-23,37.299999,39.00,37.25,38.330002,456800,4.407636
2004-04-22,35.52,37.16,34.84,37.049999,130400,4.260447
2004-04-21,36.50,37.16,34.849998,34.860001,330400,4.008615
2004-04-20,36.029999,37.389999,36.029999,37.040001,204400,4.259297
2004-04-19,37.619999,38.00,36.240002,36.43,184800,4.189152
2004-04-16,36.959999,37.950001,35.150002,37.490002,205200,4.311043
2004-04-15,34.040001,36.91,34.029999,36.91,367200,4.244348
2004-04-14,36.00,36.450001,33.099998,34.16,1037600,3.92812
2004-04-13,37.93,38.00,36.18,36.34,551600,4.178803
2004-04-12,40.169998,40.169998,37.07,38.630001,378800,4.442134
2004-04-08,40.009998,40.110001,39.200001,39.610001,119200,4.554826
2004-04-07,38.779999,39.459999,38.25,39.189999,110000,4.506529
2004-04-06,38.330002,39.389999,38.25,38.310001,142800,4.405337
2004-04-05,39.990002,39.990002,38.619999,39.139999,136800,4.50078
2004-04-02,40.50,40.689999,39.009998,40.00,140800,4.599673
2004-04-01,40.00,40.32,39.860001,39.889999,247600,4.587023
2004-03-31,38.619999,40.00,38.619999,40.00,149200,4.599673
2004-03-30,38.299999,38.68,37.75,38.68,184000,4.447883
2004-03-29,38.259998,38.66,37.82,38.099998,212000,4.381188
2004-03-26,38.650002,38.650002,37.900002,37.950001,198800,4.363939
2004-03-25,38.549999,38.990002,38.009998,38.119999,237600,4.383488
2004-03-24,38.50,39.310001,38.029999,38.860001,120400,4.468582
2004-03-23,39.00,39.00,38.00,38.439999,90800,4.420285
2004-03-22,37.900002,38.75,37.700001,38.75,112000,4.455933
2004-03-19,38.619999,39.50,37.740002,37.93,165600,4.36164
2004-03-18,38.02,38.630001,38.00,38.610001,139200,4.439834
2004-03-17,38.599998,38.630001,37.950001,38.150002,112400,4.386938
2004-03-16,38.57,38.580002,37.810001,38.189999,115600,4.391537
2004-03-15,38.27,38.630001,37.27,37.509998,197200,4.313343
2004-03-12,37.240002,38.869999,37.16,38.459999,118000,4.422585
2004-03-11,38.209999,38.990002,37.50,37.549999,316400,4.317943
2004-03-10,40.73,40.91,38.59,38.849998,218000,4.467432
2004-03-09,38.540001,39.439999,38.459999,38.990002,166400,4.483531
2004-03-08,38.57,39.900002,38.07,39.16,332400,4.503079
2004-03-05,38.619999,38.869999,38.139999,38.349998,176800,4.409936
2004-03-04,38.84,38.869999,38.50,38.560001,130400,4.434085
2004-03-03,38.900002,38.950001,38.150002,38.860001,190000,4.468582
2004-03-02,40.00,40.41,38.50,38.880001,293600,4.470882
2004-03-01,37.240002,39.830002,37.240002,38.650002,609200,4.444434
2004-02-27,37.25,37.25,36.400002,37.25,196000,4.283445
2004-02-26,36.779999,37.00,36.43,36.959999,221200,4.250097
2004-02-25,37.00,37.200001,36.50,36.950001,246800,4.248948
2004-02-24,37.02,37.279999,36.299999,36.93,225600,4.246648
2004-02-23,37.810001,37.810001,37.049999,37.209999,228000,4.278845
2004-02-20,37.200001,38.150002,37.060001,37.25,276800,4.283445
2004-02-19,36.75,37.50,36.75,37.34,220800,4.293794
2004-02-18,38.18,38.990002,36.75,37.490002,319600,4.311043
2004-02-17,36.50,37.860001,36.48,37.73,462000,4.338641
2004-02-13,36.099998,36.240002,35.00,36.099998,239200,4.151204
2004-02-12,35.75,36.00,34.32,35.77,548000,4.113257
2004-02-11,36.709999,36.709999,35.75,36.07,259200,4.147755
2004-02-10,36.540001,37.00,35.68,36.490002,302800,4.196051
2004-02-09,35.990002,36.540001,35.75,35.799999,410400,4.116707
2004-02-06,36.25,36.25,35.369999,35.869999,201600,4.124756
2004-02-05,35.200001,35.880001,34.509998,35.849998,349200,4.122456
2004-02-04,34.50,35.470001,33.509998,35.200001,356800,4.047712
2004-02-03,34.459999,34.459999,33.00,34.259998,404400,3.939619
2004-02-02,34.459999,35.41,33.75,35.220001,520400,3.985271
2004-01-30,33.75,34.150002,32.43,33.990002,190800,3.846093
2004-01-29,34.650002,35.470001,33.009998,33.740002,292400,3.817804
2004-01-28,34.669998,35.470001,34.369999,34.599998,564400,3.915116
2004-01-27,32.459999,34.25,32.459999,34.240002,363200,3.874381
2004-01-26,33.150002,33.490002,32.349998,33.48,453600,3.788384
2004-01-23,33.189999,33.25,32.509998,32.810001,232400,3.712571
2004-01-22,31.870001,33.009998,31.82,32.990002,216400,3.732939
2004-01-21,32.599998,33.099998,32.50,33.080002,362400,3.743123
2004-01-20,32.00,32.84,31.40,32.709999,375200,3.701256
2004-01-16,32.220001,32.439999,30.51,32.00,1081200,3.620917
2004-01-15,34.25,34.650002,31.24,31.790001,2011600,3.597154
2004-01-14,35.560001,36.240002,35.509998,35.889999,112800,4.061084
2004-01-13,35.43,36.700001,35.349998,35.419998,238800,4.007902
2004-01-12,35.50,36.299999,33.900002,36.189999,236000,4.09503
2004-01-09,35.849998,35.849998,34.299999,35.50,166000,4.016954
2004-01-08,36.23,36.240002,34.860001,34.860001,154800,3.944536
2004-01-07,35.75,36.189999,35.349998,35.610001,182000,4.029401
2004-01-06,35.560001,35.75,35.00,35.75,154400,4.045243
2004-01-05,34.810001,35.43,34.299999,35.040001,326400,3.964904
2004-01-02,34.200001,34.549999,33.200001,34.209999,199600,3.870986
2003-12-31,34.00,35.00,33.41,34.380001,126800,3.890222
2003-12-30,35.240002,35.240002,33.75,33.75,184400,3.818935
2003-12-29,34.50,34.970001,34.150002,34.50,181600,3.903801
2003-12-26,33.73,34.650002,33.41,34.099998,91200,3.858539
2003-12-24,33.490002,33.52,33.310001,33.360001,21600,3.774806
2003-12-23,33.59,33.650002,32.799999,33.470001,112000,3.787253
2003-12-22,32.52,33.490002,32.50,33.080002,63200,3.743123
2003-12-19,33.32,33.490002,32.00,32.91,208400,3.723886
2003-12-18,31.98,33.32,31.98,32.900002,165200,3.722755
2003-12-17,32.00,33.00,31.15,32.200001,185600,3.643547
2003-12-16,33.240002,33.240002,31.75,33.00,247600,3.73407
2003-12-15,32.73,34.049999,31.01,32.299999,547200,3.654863
2003-12-12,33.360001,33.360001,32.380001,33.209999,78800,3.757832
2003-12-11,33.360001,33.360001,31.76,32.93,125200,3.72615
2003-12-10,34.169998,34.169998,32.650002,32.650002,97200,3.694467
2003-12-09,33.950001,34.360001,33.009998,33.50,218400,3.790647
2003-12-08,31.450001,33.419998,31.01,32.790001,213600,3.710308
2003-12-05,30.959999,32.00,30.959999,31.99,137200,3.619785
2003-12-04,31.99,32.549999,31.299999,31.459999,74400,3.559814
2003-12-03,31.450001,32.150002,31.450001,32.009998,110400,3.622048
2003-12-02,31.50,31.969999,31.059999,31.969999,55600,3.617522
2003-12-01,31.98,32.810001,30.92,31.85,88000,3.603944
2003-11-28,31.00,31.799999,31.00,31.48,21600,3.562077
2003-11-26,31.00,31.00,30.76,30.90,49600,3.496448
2003-11-25,30.50,31.00,30.50,30.950001,48400,3.502105
2003-11-24,31.15,31.40,30.52,30.85,110800,3.49079
2003-11-21,31.50,31.940001,30.51,30.530001,131200,3.454581
2003-11-20,30.799999,31.40,30.610001,30.98,77600,3.5055
2003-11-19,31.370001,31.370001,30.809999,30.870001,214000,3.493053
2003-11-18,32.060001,32.060001,31.059999,31.43,157600,3.556419
2003-11-17,31.139999,32.09,30.15,31.450001,156000,3.558682
2003-11-14,31.139999,31.139999,30.08,30.290001,68000,3.427424
2003-11-13,31.49,31.59,30.540001,31.059999,79600,3.514552
2003-11-12,30.690001,31.52,30.690001,31.370001,79600,3.54963
2003-11-11,30.860001,31.00,29.76,31.00,79600,3.507763
2003-11-10,30.860001,30.860001,29.77,30.33,91600,3.43195
2003-11-07,30.15,30.799999,29.66,30.790001,127200,3.484001
2003-11-06,29.74,30.00,29.65,29.99,88400,3.393478
2003-11-05,29.15,29.799999,29.02,29.75,155200,3.366321
2003-11-04,29.709999,29.799999,28.82,29.469999,122400,3.334638
2003-11-03,28.91,29.719999,28.57,29.389999,162400,3.325586
2003-10-31,28.700001,29.67,28.52,29.33,82400,3.318796
2003-10-30,28.60,28.950001,28.10,28.60,120400,3.236194
2003-10-29,29.629999,30.00,28.60,28.889999,193600,3.209603
2003-10-28,29.719999,30.00,29.01,29.24,190400,3.248487
2003-10-27,30.00,30.15,29.26,29.440001,182400,3.270707
2003-10-24,29.60,30.00,29.25,29.639999,78800,3.292926
2003-10-23,29.719999,29.719999,29.34,29.42,60800,3.268485
2003-10-22,30.00,30.00,29.389999,29.42,122800,3.268485
2003-10-21,28.879999,29.879999,28.73,29.629999,133200,3.291815
2003-10-20,28.280001,28.879999,28.280001,28.82,74400,3.201826
2003-10-17,28.48,28.799999,28.00,28.370001,146800,3.151833
2003-10-16,28.719999,29.10,28.10,28.75,267600,3.194049
2003-10-15,29.780001,30.01,28.719999,29.00,370400,3.221824
2003-10-14,30.629999,30.629999,29.629999,30.559999,102000,3.395136
2003-10-13,30.629999,30.77,29.889999,30.10,170000,3.344031
2003-10-10,30.139999,30.76,29.629999,30.459999,114000,3.384026
2003-10-09,30.540001,31.00,30.00,30.16,162000,3.350697
2003-10-08,30.459999,30.879999,29.91,30.879999,75600,3.430687
2003-10-07,30.540001,30.85,29.50,30.459999,199600,3.384026
2003-10-06,29.719999,29.950001,29.00,29.950001,107200,3.327366
2003-10-03,30.35,30.700001,29.209999,29.27,250400,3.25182
2003-10-02,30.00,30.540001,29.85,29.93,132800,3.325144
2003-10-01,29.91,30.00,29.629999,30.00,169200,3.332921
2003-09-30,29.24,29.92,28.719999,29.66,131200,3.295148
2003-09-29,29.49,29.50,28.26,29.139999,123200,3.237377
2003-09-26,28.74,29.41,28.26,29.200001,88800,3.244043
2003-09-25,28.99,29.32,28.77,28.82,74000,3.201826
2003-09-24,29.10,29.10,28.60,28.959999,76400,3.21738
2003-09-23,29.00,29.120001,28.209999,28.799999,119200,3.199604
2003-09-22,28.49,29.00,28.030001,29.00,111600,3.221824
2003-09-19,28.01,28.549999,28.01,28.16,80800,3.128502
2003-09-18,28.16,28.60,27.950001,28.200001,95200,3.132946
2003-09-17,28.68,28.68,28.02,28.200001,76400,3.132946
2003-09-16,28.26,28.610001,27.870001,28.190001,102000,3.131835
2003-09-15,28.709999,28.75,28.25,28.280001,155600,3.141834
2003-09-12,28.74,28.74,28.34,28.50,34800,3.166275
2003-09-11,28.360001,28.75,27.809999,28.75,68400,3.194049
2003-09-10,28.99,28.99,28.18,28.49,134400,3.165164
2003-09-09,27.50,28.50,27.50,28.50,102000,3.166275
2003-09-08,28.35,28.639999,27.549999,28.24,108400,3.13739
2003-09-05,28.75,28.870001,28.360001,28.42,83200,3.157387
2003-09-04,28.99,28.99,28.200001,28.719999,72000,3.190716
2003-09-03,28.67,28.98,28.07,28.65,117600,3.18294
2003-09-02,28.90,28.99,28.00,28.780001,97200,3.197382
2003-08-29,28.780001,28.940001,28.280001,28.719999,43600,3.190716
2003-08-28,28.110001,28.780001,28.10,28.780001,57200,3.197382
2003-08-27,27.360001,28.35,27.360001,28.299999,127200,3.144056
2003-08-26,27.99,28.190001,27.68,28.18,77600,3.130724
2003-08-25,28.27,28.530001,27.059999,27.700001,89600,3.077397
2003-08-22,27.870001,28.030001,27.540001,27.809999,46400,3.089618
2003-08-21,26.75,27.75,26.450001,27.75,98400,3.082952
2003-08-20,26.02,26.719999,26.01,26.58,268800,2.952968
2003-08-19,27.73,28.24,26.450001,27.200001,175600,3.021849
2003-08-18,27.24,28.379999,27.00,27.90,194800,3.099617
2003-08-15,29.00,29.18,27.50,27.99,120800,3.109615
2003-08-14,27.50,27.75,27.50,27.51,83200,3.056289
2003-08-13,28.32,28.379999,27.50,27.75,120400,3.082952
2003-08-12,27.33,28.379999,27.33,28.379999,156800,3.152943
2003-08-11,28.23,28.540001,27.01,27.99,132000,3.109615
2003-08-08,26.950001,28.24,26.50,27.60,161200,3.066288
2003-08-07,26.040001,27.15,26.040001,26.629999,132800,2.958523
2003-08-06,25.60,26.50,25.59,26.25,167600,2.916306
2003-08-05,27.049999,27.049999,26.25,26.35,252000,2.927416
2003-08-04,27.76,28.700001,25.48,27.049999,318800,3.005184
2003-08-01,28.309999,28.950001,27.559999,28.15,117200,3.127391
2003-07-31,28.799999,29.10,28.50,29.10,126800,3.174608
2003-07-30,28.49,28.709999,28.450001,28.700001,128800,3.13097
2003-07-29,28.620001,28.799999,28.49,28.49,200400,3.108061
2003-07-28,28.870001,29.059999,28.459999,28.620001,149600,3.122243
2003-07-25,28.620001,29.219999,28.209999,28.75,105600,3.136425
2003-07-24,29.48,29.48,28.99,29.049999,97200,3.169153
2003-07-23,29.440001,29.49,28.629999,28.93,123200,3.156062
2003-07-22,28.620001,29.15,28.620001,29.15,89200,3.180062
2003-07-21,28.450001,28.709999,28.15,28.700001,88400,3.13097
2003-07-18,28.450001,28.540001,28.18,28.379999,144400,3.09606
2003-07-17,28.52,28.99,28.040001,28.32,150000,3.089515
2003-07-16,29.00,29.52,28.15,28.940001,140000,3.157153
2003-07-15,29.07,29.75,28.26,28.99,161200,3.162607
2003-07-14,29.68,29.75,28.75,28.98,173200,3.161516
2003-07-11,29.49,29.50,27.959999,28.700001,174000,3.13097
2003-07-10,28.26,29.49,28.26,29.370001,159200,3.204063
2003-07-09,28.90,29.49,27.67,28.23,196400,3.079696
2003-07-08,28.52,28.92,27.860001,28.860001,191200,3.148425
2003-07-07,27.67,28.870001,27.49,28.52,158400,3.111334
2003-07-03,27.91,27.99,27.01,27.549999,70400,3.005513
2003-07-02,28.370001,28.370001,26.50,27.950001,157200,3.049151
2003-07-01,27.530001,27.690001,26.98,27.16,116400,2.962967
2003-06-30,27.10,27.73,26.74,27.25,98400,2.972785
2003-06-27,26.50,27.50,26.450001,27.50,172000,3.000059
2003-06-26,27.00,27.530001,26.02,26.25,209600,2.863692
2003-06-25,26.75,27.50,26.75,27.32,131200,2.980422
2003-06-24,27.00,27.35,26.65,27.34,171200,2.982604
2003-06-23,26.690001,27.290001,26.690001,26.969999,172400,2.942239
2003-06-20,25.719999,26.950001,25.389999,26.879999,152800,2.932421
2003-06-19,27.049999,27.200001,25.25,26.00,367600,2.836419
2003-06-18,27.49,27.49,26.68,27.00,190000,2.945512
2003-06-17,27.540001,27.719999,27.00,27.27,188800,2.974967
2003-06-16,27.50,27.860001,26.82,27.52,360400,3.002241
2003-06-13,27.91,27.91,27.50,27.860001,170800,3.039332
2003-06-12,27.299999,28.00,25.700001,27.709999,452800,3.022968
2003-06-11,27.50,27.950001,27.00,27.82,267200,3.034968
2003-06-10,27.00,27.75,26.75,27.60,244800,3.010968
2003-06-09,26.92,27.75,26.43,27.10,148000,2.956421
2003-06-06,27.25,27.290001,26.52,27.280001,117600,2.976058
2003-06-05,26.99,27.290001,26.77,27.18,300800,2.965149
2003-06-04,26.799999,26.99,26.10,26.700001,304800,2.912784
2003-06-03,25.969999,26.790001,25.969999,26.25,443200,2.863692
2003-06-02,26.01,26.25,25.75,26.24,140800,2.862601
2003-05-30,26.25,26.49,26.00,26.10,138800,2.847328
2003-05-29,26.549999,26.549999,26.01,26.120001,207600,2.84951
2003-05-28,26.50,26.75,26.120001,26.40,322800,2.880056
2003-05-27,26.50,26.50,26.00,26.370001,268800,2.876784
2003-05-23,26.00,26.75,25.25,26.10,220000,2.847328
2003-05-22,26.40,26.43,25.809999,26.02,330400,2.838601
2003-05-21,26.00,26.67,25.76,26.309999,483600,2.870238
2003-05-20,25.75,26.00,25.52,25.92,229600,2.827692
2003-05-19,25.77,26.00,25.40,25.469999,185600,2.7786
2003-05-16,25.459999,26.24,25.26,25.620001,281600,2.794964
2003-05-15,25.00,25.299999,24.41,25.299999,158400,2.760054
2003-05-14,24.66,25.00,24.66,25.00,117600,2.727326
2003-05-13,24.41,24.90,24.41,24.790001,162400,2.704417
2003-05-12,24.450001,24.85,24.360001,24.84,171600,2.709871
2003-05-09,24.780001,25.00,24.35,24.360001,112000,2.657507
2003-05-08,24.50,24.99,24.24,24.629999,221200,2.686961
2003-05-07,24.50,24.85,24.00,24.57,186400,2.680416
2003-05-06,24.65,24.67,24.00,24.50,308000,2.672779
2003-05-05,23.65,24.799999,23.209999,24.34,426000,2.655325
2003-05-02,24.50,24.799999,24.40,24.57,177200,2.680416
2003-05-01,24.17,24.809999,23.950001,24.51,276800,2.67387
2003-04-30,25.10,25.299999,24.780001,24.91,424000,2.660234
2003-04-29,25.08,25.15,24.75,25.15,358400,2.685864
2003-04-28,24.719999,25.00,24.459999,24.879999,340400,2.65703
2003-04-25,24.450001,24.83,24.35,24.50,354800,2.616448
2003-04-24,24.50,24.50,24.209999,24.35,267600,2.600429
2003-04-23,24.15,24.50,23.90,24.32,474400,2.597226
2003-04-22,24.09,24.17,23.82,24.040001,444800,2.567323
2003-04-21,24.00,24.120001,23.809999,23.98,648000,2.560916
2003-04-17,23.75,24.00,23.549999,23.790001,383200,2.540625
2003-04-16,23.58,24.049999,23.549999,23.66,423200,2.526742
2003-04-15,23.40,23.60,23.299999,23.549999,488000,2.514994
2003-04-14,23.40,23.52,23.25,23.360001,458000,2.494704
2003-04-11,23.15,23.50,23.15,23.26,288400,2.484024
2003-04-10,22.940001,23.50,22.65,23.389999,540000,2.497907
2003-04-09,22.540001,22.93,22.50,22.76,156800,2.430627
2003-04-08,22.50,22.74,22.450001,22.51,253200,2.403929
2003-04-07,22.620001,22.75,22.27,22.58,264000,2.411404
2003-04-04,22.459999,22.57,22.43,22.549999,109600,2.4082
2003-04-03,22.49,22.530001,22.27,22.530001,75600,2.406065
2003-04-02,22.60,22.799999,22.129999,22.25,218000,2.376162
2003-04-01,22.48,22.73,21.98,22.40,352000,2.392181
2003-03-31,22.32,22.40,22.00,22.389999,133600,2.391113
2003-03-28,22.40,22.50,21.950001,22.299999,145200,2.381502
2003-03-27,22.68,22.68,21.719999,22.469999,226400,2.399657
2003-03-26,22.559999,22.620001,22.32,22.530001,241600,2.406065
2003-03-25,22.35,22.76,22.299999,22.32,184400,2.383638
2003-03-24,22.969999,22.969999,22.32,22.49,233600,2.401793
2003-03-21,22.50,23.01,22.40,22.940001,369200,2.44985
2003-03-20,21.969999,22.60,21.68,22.50,211600,2.402861
2003-03-19,21.860001,22.50,21.66,22.209999,190000,2.37189
2003-03-18,21.610001,22.50,21.49,21.879999,184000,2.336649
2003-03-17,22.41,22.41,21.50,21.98,366000,2.347328
2003-03-14,22.50,22.50,22.00,22.200001,116000,2.370823
2003-03-13,22.49,22.50,21.889999,22.299999,340400,2.381502
2003-03-12,22.84,22.84,22.15,22.48,299200,2.400725
2003-03-11,22.700001,22.84,22.610001,22.620001,145200,2.415676
2003-03-10,22.76,22.98,22.65,22.65,169600,2.41888
2003-03-07,22.76,22.950001,22.620001,22.860001,224800,2.441307
2003-03-06,22.60,22.790001,22.60,22.719999,199600,2.426355
2003-03-05,22.690001,22.93,22.629999,22.629999,394000,2.416744
2003-03-04,22.85,22.90,22.629999,22.68,327600,2.422084
2003-03-03,22.690001,23.00,22.629999,22.709999,461200,2.425287
2003-02-28,22.91,23.08,22.799999,22.889999,293600,2.44451
2003-02-27,22.65,23.57,22.540001,22.83,548000,2.438103
2003-02-26,22.889999,23.00,22.65,22.719999,250400,2.426355
2003-02-25,22.809999,23.10,22.610001,22.889999,553200,2.44451
2003-02-24,22.92,23.049999,22.559999,22.889999,527200,2.44451
2003-02-21,22.75,22.950001,22.559999,22.950001,317200,2.450918
2003-02-20,22.549999,22.950001,22.51,22.75,367600,2.429559
2003-02-19,22.700001,22.700001,22.51,22.549999,201600,2.4082
2003-02-18,22.74,22.74,22.559999,22.639999,259200,2.417812
2003-02-14,22.75,22.75,22.51,22.60,379200,2.41354
2003-02-13,22.90,22.90,22.51,22.700001,540000,2.42422
2003-02-12,22.940001,22.969999,22.68,22.809999,441200,2.435967
2003-02-11,22.75,23.00,22.549999,22.879999,3095600,2.443442
2003-02-10,23.00,23.48,22.50,22.51,396400,2.403929
2003-02-07,23.65,23.65,23.299999,23.549999,89200,2.514994
2003-02-06,23.700001,23.719999,22.889999,23.559999,226800,2.516062
2003-02-05,24.18,24.60,24.18,24.290001,33200,2.594022
2003-02-04,24.50,24.639999,24.10,24.52,46800,2.618584
2003-02-03,24.24,24.709999,24.10,24.24,76400,2.588682
2003-01-31,24.690001,24.74,24.15,24.57,104400,2.623924
2003-01-30,23.85,24.99,23.85,24.51,221600,2.617516
2003-01-29,25.219999,25.50,24.950001,25.00,251600,2.613779
2003-01-28,24.58,24.60,24.10,24.60,52000,2.571958
2003-01-27,24.23,24.68,24.23,24.370001,36400,2.547911
2003-01-24,24.18,24.32,24.110001,24.299999,34400,2.540593
2003-01-23,24.43,24.68,24.00,24.18,94000,2.528047
2003-01-22,24.370001,24.66,24.219999,24.66,66000,2.578231
2003-01-21,24.99,24.99,24.549999,24.889999,18400,2.602278
2003-01-17,25.00,25.00,24.559999,24.98,243600,2.611688
2003-01-16,24.75,25.00,24.629999,24.99,26400,2.612733
2003-01-15,24.58,24.75,24.43,24.549999,33600,2.566731
2003-01-14,24.43,24.74,24.41,24.469999,26000,2.558366
2003-01-13,24.110001,24.50,24.110001,24.440001,82800,2.55523
2003-01-10,24.27,24.50,24.15,24.50,22800,2.561503
2003-01-09,24.389999,25.00,24.15,24.16,54400,2.525956
2003-01-08,24.389999,24.389999,24.15,24.15,40000,2.52491
2003-01-07,24.77,24.84,24.00,24.16,59600,2.525956
2003-01-06,24.440001,25.00,24.309999,24.76,65200,2.588686
2003-01-03,24.57,24.60,24.02,24.309999,32000,2.541638
2003-01-02,23.799999,24.60,23.690001,24.559999,34000,2.567776
2002-12-31,24.00,24.41,23.91,24.219999,82000,2.532229
2002-12-30,23.75,24.059999,23.75,23.98,121200,2.507136
2002-12-27,23.950001,24.059999,23.85,24.049999,60400,2.514455
2002-12-26,23.959999,24.07,23.870001,24.00,22000,2.509227
2002-12-24,23.91,24.219999,23.809999,23.93,46400,2.501909
2002-12-23,23.98,24.15,23.90,24.02,52000,2.511319
2002-12-20,23.68,24.030001,23.68,23.959999,57200,2.505045
2002-12-19,23.700001,23.99,23.65,23.68,43200,2.475771
2002-12-18,23.639999,23.91,23.639999,23.700001,35600,2.477862
2002-12-17,23.700001,23.99,23.700001,23.809999,39200,2.489363
2002-12-16,23.809999,24.00,23.610001,23.969999,44800,2.506091
2002-12-13,23.790001,23.809999,23.629999,23.65,24000,2.472635
2002-12-12,23.92,23.93,23.389999,23.50,44800,2.456952
2002-12-11,23.35,23.709999,23.309999,23.379999,60000,2.444406
2002-12-10,23.67,23.959999,23.360001,23.459999,44400,2.45277
2002-12-09,23.66,23.950001,23.66,23.68,44800,2.475771
2002-12-06,23.879999,23.969999,23.65,23.73,19600,2.480999
2002-12-05,23.99,23.99,23.76,23.870001,16000,2.495636
2002-12-04,23.690001,24.00,23.690001,23.76,23200,2.484135
2002-12-03,24.219999,24.219999,23.629999,23.67,42400,2.474726
2002-12-02,23.99,24.219999,23.639999,24.219999,52400,2.532229
2002-11-29,23.58,23.92,23.58,23.90,6400,2.498772
2002-11-27,23.790001,23.889999,23.51,23.59,49200,2.466362
2002-11-26,23.52,23.940001,23.389999,23.700001,22400,2.477862
2002-11-25,23.84,23.85,23.51,23.540001,166400,2.461134
2002-11-22,23.620001,24.00,23.58,23.799999,43200,2.488317
2002-11-21,23.75,24.030001,23.620001,23.620001,108400,2.469498
2002-11-20,24.219999,24.219999,23.610001,23.719999,97200,2.479953
2002-11-19,24.01,24.219999,23.65,23.76,88400,2.484135
2002-11-18,23.809999,24.25,23.559999,23.940001,202800,2.502954
2002-11-15,23.99,25.200001,23.99,24.01,83200,2.510273
2002-11-14,23.950001,24.23,23.48,24.10,52800,2.519683
2002-11-13,23.629999,23.950001,23.34,23.950001,29600,2.504
2002-11-12,23.77,23.77,23.200001,23.620001,85200,2.469498
2002-11-11,23.610001,24.10,23.610001,23.77,130000,2.485181
2002-11-08,23.52,23.92,23.52,23.75,36400,2.48309
2002-11-07,23.450001,23.93,23.450001,23.709999,73600,2.478908
2002-11-06,23.26,23.950001,23.25,23.690001,71600,2.476817
2002-11-05,23.049999,23.99,23.049999,23.82,55200,2.490408
2002-11-04,23.610001,23.790001,23.110001,23.719999,81200,2.479953
2002-11-01,23.790001,24.09,23.530001,23.629999,39600,2.470543
2002-10-31,23.90,24.00,23.299999,23.799999,261600,2.488317
2002-10-30,23.68,24.049999,23.200001,23.50,250800,2.456952
2002-10-29,23.530001,24.200001,23.40,23.68,133200,2.423496
2002-10-28,23.49,23.83,23.43,23.50,169600,2.405074
2002-10-25,23.15,24.25,23.15,23.50,89200,2.405074
2002-10-24,23.610001,23.809999,23.00,23.25,82000,2.379488
2002-10-23,23.440001,23.799999,23.02,23.110001,44400,2.36516
2002-10-22,23.370001,23.52,23.01,23.25,60400,2.379488
2002-10-21,23.139999,23.59,22.790001,23.059999,109600,2.360042
2002-10-18,23.030001,23.629999,23.030001,23.389999,60000,2.393816
2002-10-17,23.42,23.42,22.75,23.370001,83200,2.391769
2002-10-16,22.85,23.549999,22.809999,22.91,96000,2.344691
2002-10-15,22.389999,23.18,22.389999,23.17,77200,2.3713
2002-10-14,21.66,23.09,21.15,22.01,50400,2.252582
2002-10-11,21.42,22.379999,21.41,22.280001,76000,2.280215
2002-10-10,21.09,21.450001,20.34,21.17,102800,2.166613
2002-10-09,21.379999,21.59,20.00,20.299999,188800,2.077574
2002-10-08,22.75,22.99,21.450001,21.59,57200,2.209597
2002-10-07,22.15,22.959999,22.139999,22.68,24000,2.321152
2002-10-04,22.50,23.33,21.50,22.370001,82800,2.289426
2002-10-03,23.65,23.75,22.50,22.50,108000,2.30273
2002-10-02,23.280001,24.200001,23.280001,23.74,34800,2.429636
2002-10-01,22.950001,23.540001,22.950001,23.40,23600,2.394839
2002-09-30,23.559999,23.559999,23.00,23.209999,54000,2.375394
2002-09-27,23.00,23.75,22.790001,23.49,36000,2.40405
2002-09-26,22.85,23.549999,22.50,23.18,77600,2.372324
2002-09-25,20.49,23.25,20.09,23.040001,146400,2.357996
2002-09-24,23.25,23.25,21.75,21.90,132400,2.241324
2002-09-23,24.18,24.18,23.16,23.280001,60000,2.382558
2002-09-20,24.209999,24.41,24.01,24.040001,52400,2.460339
2002-09-19,24.15,24.700001,24.110001,24.32,32000,2.488995
2002-09-18,24.25,24.440001,24.10,24.35,45600,2.492066
2002-09-17,24.09,24.370001,24.049999,24.23,28800,2.479784
2002-09-16,24.360001,24.559999,24.10,24.32,28800,2.488995
2002-09-13,24.16,24.559999,24.16,24.50,50400,2.507417
2002-09-12,24.469999,24.700001,24.209999,24.360001,50400,2.493089
2002-09-11,24.33,24.74,24.33,24.65,38800,2.522769
2002-09-10,24.030001,24.58,23.030001,24.57,118800,2.514581
2002-09-09,24.10,24.50,24.049999,24.34,36400,2.491042
2002-09-06,24.50,24.50,24.049999,24.27,73200,2.483878
2002-09-05,24.190001,24.700001,23.639999,24.01,88000,2.457269
2002-09-04,24.209999,24.66,23.84,23.879999,102800,2.443964
2002-09-03,24.68,24.75,24.01,24.129999,88000,2.46955
2002-08-30,24.60,24.67,24.309999,24.60,34400,2.517652
2002-08-29,24.60,24.74,24.309999,24.389999,107200,2.496159
2002-08-28,24.52,24.74,24.35,24.74,74800,2.53198
2002-08-27,24.719999,24.73,24.32,24.379999,46800,2.495136
2002-08-26,24.58,24.75,24.27,24.719999,93600,2.529933
2002-08-23,24.26,24.75,24.139999,24.58,168000,2.515605
2002-08-22,24.459999,25.00,24.01,24.629999,187200,2.520722
2002-08-21,24.370001,24.50,23.799999,24.26,143600,2.482855
2002-08-20,23.85,24.209999,23.790001,24.110001,168800,2.467503
2002-08-19,23.50,23.99,23.25,23.84,128400,2.43987
2002-08-16,23.32,23.60,23.32,23.50,83600,2.405074
2002-08-15,23.73,23.99,23.33,23.41,96000,2.395863
2002-08-14,23.299999,23.75,22.950001,23.719999,84800,2.427589
2002-08-13,23.379999,23.50,23.030001,23.200001,63600,2.374371
2002-08-12,22.76,23.389999,22.76,23.370001,25200,2.391769
2002-08-09,23.50,23.50,22.90,22.99,79200,2.352878
2002-08-08,22.35,23.49,22.309999,23.120001,45600,2.366183
2002-08-07,22.15,22.60,22.10,22.35,60800,2.287379
2002-08-06,21.610001,22.469999,21.610001,22.40,124800,2.292496
2002-08-05,21.620001,21.90,21.15,21.690001,74000,2.219832
2002-08-02,21.82,21.82,21.200001,21.50,32400,2.200387
2002-08-01,21.700001,21.889999,21.120001,21.16,80800,2.16559
2002-07-31,21.51,22.00,21.26,21.60,108400,2.210621
2002-07-30,22.200001,22.200001,21.42,21.99,99200,2.250535
2002-07-29,21.700001,22.34,21.129999,22.139999,143200,2.214715
2002-07-26,19.73,21.700001,19.50,21.700001,164800,2.1707
2002-07-25,19.85,20.110001,18.719999,19.17,428000,1.917619
2002-07-24,19.610001,19.66,17.00,18.74,486400,1.874605
2002-07-23,20.76,21.00,19.25,19.85,297200,1.985641
2002-07-22,22.75,22.76,19.50,20.23,557200,2.023653
2002-07-19,23.25,23.629999,22.530001,22.98,174800,2.298742
2002-07-18,23.24,23.620001,23.200001,23.610001,60000,2.361762
2002-07-17,23.209999,23.629999,23.040001,23.629999,42400,2.363763
2002-07-16,23.60,23.74,23.200001,23.50,40000,2.350759
2002-07-15,23.52,23.719999,23.129999,23.60,85200,2.360762
2002-07-12,23.42,23.50,23.09,23.50,56400,2.350759
2002-07-11,23.16,23.65,23.120001,23.58,100800,2.358761
2002-07-10,23.049999,23.540001,23.02,23.540001,62800,2.35476
2002-07-09,23.10,23.42,23.00,23.18,102000,2.318748
2002-07-08,23.50,23.75,23.00,23.24,131200,2.32475
2002-07-05,23.700001,23.950001,23.16,23.25,62000,2.32575
2002-07-03,23.43,23.75,23.27,23.75,58000,2.375767
2002-07-02,23.549999,23.799999,23.110001,23.620001,144800,2.362762
2002-07-01,23.75,23.950001,23.129999,23.50,133600,2.350759
2002-06-28,23.799999,23.799999,23.50,23.74,73600,2.374766
2002-06-27,23.75,23.83,23.379999,23.82,58400,2.382769
2002-06-26,23.379999,23.85,23.32,23.74,60400,2.374766
2002-06-25,23.85,23.950001,23.17,23.84,124000,2.38477
2002-06-24,23.58,23.85,23.50,23.809999,73200,2.381768
2002-06-21,23.67,23.83,23.280001,23.65,51200,2.365763
2002-06-20,23.27,23.59,23.01,23.559999,78400,2.35676
2002-06-19,22.84,23.700001,22.799999,23.23,90800,2.32375
2002-06-18,22.27,22.870001,22.27,22.85,120000,2.285738
2002-06-17,22.25,22.58,22.01,22.27,128000,2.227719
2002-06-14,22.26,22.700001,21.85,22.40,138800,2.240723
2002-06-13,22.200001,22.65,21.889999,22.40,89200,2.240723
2002-06-12,22.41,22.700001,22.35,22.450001,52400,2.245725
2002-06-11,23.01,23.370001,22.35,22.91,78000,2.291739
2002-06-10,23.10,23.33,22.23,23.23,129600,2.32375
2002-06-07,23.26,23.40,22.549999,23.10,108000,2.310746
2002-06-06,23.459999,23.690001,23.00,23.01,109200,2.301743
2002-06-05,23.50,23.799999,23.50,23.52,48800,2.352759
2002-06-04,23.75,23.84,23.25,23.67,62400,2.367764
2002-06-03,23.84,24.040001,23.33,23.76,92800,2.376767
2002-05-31,24.00,24.049999,23.799999,23.98,42800,2.398774
2002-05-30,23.809999,24.10,23.709999,23.860001,85600,2.38677
2002-05-29,23.959999,24.110001,23.200001,24.00,138000,2.400775
2002-05-28,23.65,23.90,23.10,23.40,182400,2.340755
2002-05-24,23.940001,23.969999,23.65,23.75,91600,2.375767
2002-05-23,24.15,24.16,23.91,23.92,76000,2.392772
2002-05-22,23.99,24.02,23.790001,23.98,67200,2.398774
2002-05-21,24.23,24.25,23.799999,23.799999,50800,2.380768
2002-05-20,24.08,24.23,23.92,24.049999,24400,2.405776
2002-05-17,24.25,24.25,23.809999,24.24,54800,2.424782
2002-05-16,24.139999,24.25,24.02,24.190001,70400,2.419781
2002-05-15,24.15,24.15,23.85,24.139999,49200,2.414779
2002-05-14,24.25,24.25,23.799999,24.139999,78400,2.414779
2002-05-13,24.00,24.25,23.75,24.25,41200,2.425783
2002-05-10,24.290001,24.309999,23.91,24.110001,38400,2.411778
2002-05-09,23.90,24.34,23.75,24.01,66000,2.401775
2002-05-08,24.07,24.32,23.879999,24.290001,95600,2.429784
2002-05-07,24.40,24.450001,24.00,24.07,26800,2.407777
2002-05-06,24.10,24.42,23.879999,24.290001,66400,2.429784
2002-05-03,24.25,24.40,23.75,24.299999,74400,2.430784
2002-05-02,23.780001,24.50,23.73,24.35,108000,2.435786
2002-05-01,23.99,24.200001,23.719999,23.889999,219200,2.389771
2002-04-30,24.200001,24.690001,24.200001,24.50,284800,2.400775
2002-04-29,24.450001,24.450001,23.76,24.450001,146000,2.395875
2002-04-26,24.559999,24.559999,24.15,24.450001,49200,2.395875
2002-04-25,24.50,24.66,24.15,24.35,79200,2.386076
2002-04-24,24.549999,24.690001,24.10,24.66,97600,2.416453
2002-04-23,24.700001,24.700001,24.26,24.700001,57200,2.420373
2002-04-22,24.60,24.700001,24.110001,24.690001,96400,2.419393
2002-04-19,24.59,24.700001,24.51,24.700001,34800,2.420373
2002-04-18,24.290001,24.700001,24.00,24.41,31600,2.391955
2002-04-17,24.65,24.700001,24.120001,24.50,42800,2.400775
2002-04-16,24.43,24.65,24.07,24.440001,74800,2.394895
2002-04-15,23.90,24.60,23.90,24.40,43200,2.390976
2002-04-12,24.00,24.549999,23.77,24.440001,78400,2.394895
2002-04-11,23.549999,24.309999,23.51,24.299999,92800,2.381176
2002-04-10,24.110001,24.35,23.809999,23.809999,50000,2.333161
2002-04-09,24.58,24.59,24.00,24.24,64000,2.375297
2002-04-08,24.40,24.65,23.799999,24.389999,69200,2.389996
2002-04-05,24.00,24.49,23.73,24.41,74000,2.391955
2002-04-04,24.17,24.459999,23.90,24.00,80800,2.351779
2002-04-03,24.389999,24.530001,24.10,24.219999,66400,2.373337
2002-04-02,24.00,24.40,23.51,24.209999,104800,2.372357
2002-04-01,23.799999,24.24,23.50,24.00,81200,2.351779
2002-03-28,23.790001,24.219999,23.790001,24.18,69200,2.369418
2002-03-27,24.280001,24.280001,23.51,23.799999,130800,2.332181
2002-03-26,24.360001,24.40,24.00,24.00,112000,2.351779
2002-03-25,24.620001,24.690001,24.00,24.540001,56400,2.404694
2002-03-22,24.290001,24.65,24.290001,24.65,67600,2.415473
2002-03-21,24.50,24.51,24.200001,24.51,45200,2.401755
2002-03-20,24.450001,24.50,23.870001,24.27,80800,2.378237
2002-03-19,24.209999,24.389999,23.85,24.10,98800,2.361578
2002-03-18,24.25,24.700001,23.969999,24.290001,82400,2.380197
2002-03-15,24.23,24.700001,23.90,24.700001,78800,2.420373
2002-03-14,24.40,24.60,24.190001,24.190001,59200,2.370398
2002-03-13,24.280001,24.65,23.860001,24.17,49600,2.368438
2002-03-12,24.50,24.51,23.92,24.030001,118800,2.354719
2002-03-11,24.450001,24.639999,24.00,24.25,94800,2.376277
2002-03-08,24.07,24.60,24.00,24.52,113200,2.402735
2002-03-07,24.33,24.42,24.00,24.17,53200,2.368438
2002-03-06,24.25,24.35,23.90,24.15,80000,2.366478
2002-03-05,24.00,24.639999,23.92,24.389999,102800,2.389996
2002-03-04,24.40,24.50,23.549999,23.93,120400,2.34492
2002-03-01,23.549999,24.60,23.549999,24.50,158400,2.400775
2002-02-28,23.77,23.77,23.00,23.68,58800,2.320422
2002-02-27,23.780001,23.799999,23.00,23.50,138000,2.302784
2002-02-26,24.07,24.48,23.26,23.65,200400,2.317482
2002-02-25,23.98,24.639999,23.559999,24.200001,129600,2.371378
2002-02-22,23.549999,24.10,23.549999,23.799999,76000,2.332181
2002-02-21,23.799999,24.09,23.35,23.559999,133600,2.308663
2002-02-20,24.00,24.469999,23.360001,23.98,86800,2.349819
2002-02-19,24.25,24.65,23.799999,23.799999,83600,2.332181
2002-02-15,23.76,24.690001,23.23,24.50,95600,2.400775
2002-02-14,24.280001,24.280001,23.25,23.65,130000,2.317482
2002-02-13,24.25,24.60,23.85,24.02,88000,2.353739
2002-02-12,23.65,24.48,23.60,24.43,97600,2.393915
2002-02-11,23.700001,23.75,23.200001,23.65,156800,2.317482
2002-02-08,23.440001,24.18,23.10,23.299999,153200,2.283186
2002-02-07,22.299999,23.50,22.25,22.620001,288000,2.216552
2002-02-06,23.860001,24.00,21.709999,22.120001,502000,2.167557
2002-02-05,24.43,25.75,23.75,24.00,205600,2.351779
2002-02-04,24.83,25.25,24.110001,25.139999,169200,2.463489
2002-02-01,24.75,24.98,23.82,24.790001,237600,2.429192
2002-01-31,26.690001,26.690001,23.50,24.74,431200,2.424292
2002-01-30,26.799999,27.10,26.00,26.690001,147200,2.566379
2002-01-29,26.90,27.40,26.620001,26.799999,106400,2.576956
2002-01-28,27.00,27.35,26.799999,26.90,96800,2.586572
2002-01-25,27.200001,27.219999,26.75,26.809999,87200,2.577918
2002-01-24,26.809999,27.15,26.60,27.15,107200,2.61061
2002-01-23,26.50,27.15,26.40,26.76,167200,2.57311
2002-01-22,27.15,27.50,26.41,26.75,93600,2.572148
2002-01-18,27.00,27.530001,26.90,27.10,79600,2.605803
2002-01-17,26.780001,27.07,26.559999,26.950001,158000,2.591379
2002-01-16,26.870001,26.889999,26.360001,26.60,98000,2.557725
2002-01-15,26.200001,27.00,26.00,27.00,102400,2.596187
2002-01-14,26.110001,26.73,25.66,26.190001,110000,2.518302
2002-01-11,27.08,27.110001,26.00,26.049999,142400,2.50484
2002-01-10,27.799999,27.860001,26.50,26.58,170000,2.555802
2002-01-09,28.00,28.139999,27.51,27.75,125200,2.668303
2002-01-08,27.870001,28.139999,27.00,28.00,170000,2.692342
2002-01-07,27.889999,28.25,27.35,27.75,210000,2.668303
2002-01-04,27.030001,27.950001,26.799999,27.40,179600,2.634649
2002-01-03,27.50,27.620001,26.77,27.059999,142800,2.601956
2002-01-02,27.35,27.540001,26.98,27.50,366400,2.644265
2001-12-31,27.25,27.450001,26.799999,27.10,104800,2.605803
2001-12-28,27.00,27.35,26.299999,27.15,115200,2.61061
2001-12-27,26.50,27.18,26.15,26.889999,143200,2.58561
2001-12-26,26.50,26.860001,26.00,26.40,90000,2.538494
2001-12-24,26.299999,26.950001,26.00,26.299999,115600,2.528878
2001-12-21,25.85,26.290001,25.459999,26.200001,114400,2.519263
2001-12-20,25.68,25.969999,25.25,25.969999,88800,2.497147
2001-12-19,25.290001,25.85,25.10,25.40,162000,2.442339
2001-12-18,25.09,25.799999,25.00,25.65,226800,2.466378
2001-12-17,24.50,25.200001,24.27,25.10,81200,2.413492
2001-12-14,24.950001,25.200001,24.00,24.469999,98800,2.352915
2001-12-13,25.43,25.60,24.58,24.75,78000,2.379838
2001-12-12,25.190001,25.50,24.60,25.24,105600,2.426954
2001-12-11,25.030001,25.379999,24.809999,25.200001,132800,2.423108
2001-12-10,24.99,25.200001,24.790001,25.02,81200,2.4058
2001-12-07,24.780001,25.00,24.549999,24.98,68000,2.401954
2001-12-06,24.76,25.16,24.40,24.549999,109200,2.360607
2001-12-05,25.190001,25.35,24.50,24.950001,77600,2.399069
2001-12-04,24.620001,25.35,24.620001,25.200001,137200,2.423108
2001-12-03,24.40,24.610001,23.00,24.610001,119600,2.366377
2001-11-30,24.25,24.40,23.309999,24.200001,203600,2.326953
2001-11-29,25.01,25.85,23.02,24.00,303600,2.307722
2001-11-28,25.00,25.120001,24.139999,24.559999,268400,2.361569
2001-11-27,24.75,25.459999,24.50,25.35,164400,2.437531
2001-11-26,25.18,25.450001,24.33,24.52,237200,2.357723
2001-11-23,25.08,25.50,24.950001,25.25,89600,2.427916
2001-11-21,24.40,25.450001,24.26,25.440001,160000,2.446185
2001-11-20,24.24,24.450001,23.74,24.219999,173200,2.328876
2001-11-19,24.27,24.35,22.82,24.00,296400,2.307722
2001-11-16,24.450001,25.00,23.90,24.120001,323200,2.319261
2001-11-15,26.00,26.379999,24.809999,25.00,265200,2.403877
2001-11-14,25.93,26.00,25.51,26.00,144000,2.500032
2001-11-13,26.00,26.10,25.459999,25.76,94800,2.476955
2001-11-12,25.82,26.40,25.25,25.41,228800,2.4433
2001-11-09,25.59,26.32,25.50,25.90,139200,2.490416
2001-11-08,25.76,26.00,25.35,25.50,74400,2.451954
2001-11-07,26.02,26.02,25.49,25.50,109200,2.451954
2001-11-06,25.50,26.40,25.379999,25.83,159200,2.483686
2001-11-05,25.00,25.50,24.99,25.35,182000,2.437531
2001-11-02,25.26,25.799999,25.00,25.26,110400,2.428877
2001-11-01,25.40,25.40,25.01,25.200001,138800,2.423108
2001-10-31,25.99,26.299999,24.50,24.98,335600,2.401954
2001-10-30,26.620001,26.959999,25.40,25.40,164400,2.394261
2001-10-29,25.99,26.610001,25.50,26.110001,365600,2.461188
2001-10-26,24.10,25.610001,24.09,25.610001,209600,2.414057
2001-10-25,24.10,25.00,24.00,24.190001,263200,2.280204
2001-10-24,23.99,24.50,23.90,24.10,207600,2.271721
2001-10-23,24.08,24.09,23.719999,23.90,236000,2.252868
2001-10-22,24.15,24.200001,23.42,23.549999,123600,2.219876
2001-10-19,24.50,24.700001,23.35,24.200001,123200,2.281147
2001-10-18,24.65,24.85,23.85,23.85,92800,2.248155
2001-10-17,24.469999,24.73,24.200001,24.50,165200,2.309425
2001-10-16,24.40,24.92,24.129999,24.360001,107600,2.296229
2001-10-15,24.620001,25.00,24.190001,24.25,94800,2.28586
2001-10-12,24.889999,25.10,24.110001,24.50,66800,2.309425
2001-10-11,24.85,25.049999,24.60,24.60,119600,2.318852
2001-10-10,25.190001,25.50,24.790001,25.23,350000,2.378237
2001-10-09,24.299999,25.75,24.16,25.65,190000,2.417827
2001-10-08,24.24,24.35,24.10,24.35,56800,2.295286
2001-10-05,24.200001,24.25,24.02,24.25,40000,2.28586
2001-10-04,24.15,24.219999,24.030001,24.200001,76400,2.281147
2001-10-03,24.09,24.309999,24.00,24.15,85200,2.276434
2001-10-02,23.35,24.379999,22.65,24.10,126400,2.271721
2001-10-01,23.75,24.049999,23.309999,23.60,200800,2.224589
2001-09-28,22.90,24.00,22.90,23.50,75600,2.215163
2001-09-27,22.51,23.09,22.25,23.00,206800,2.168032
2001-09-26,23.90,23.950001,22.379999,22.76,129600,2.145409
2001-09-25,23.90,24.09,23.02,23.02,87200,2.169917
2001-09-24,23.200001,24.08,23.200001,23.90,266800,2.252868
2001-09-21,22.690001,23.200001,22.209999,23.18,155600,2.184999
2001-09-20,24.00,24.25,22.200001,22.50,310000,2.120901
2001-09-19,25.120001,25.200001,23.00,23.98,205600,2.260409
2001-09-18,24.25,25.00,24.25,25.00,132400,2.356557
2001-09-17,23.629999,24.889999,23.40,24.24,226400,2.284917
2001-09-10,23.50,24.120001,23.200001,24.00,50000,2.262294
2001-09-07,23.49,23.50,22.75,23.43,88400,2.208565
2001-09-06,24.74,24.75,23.360001,23.440001,114400,2.209508
2001-09-05,24.32,24.92,24.32,24.75,102800,2.332991
2001-09-04,24.27,24.50,24.08,24.50,46000,2.309425
2001-08-31,24.469999,24.469999,24.10,24.299999,30000,2.290573
2001-08-30,24.290001,24.50,24.059999,24.34,76400,2.294344
2001-08-29,24.25,24.50,23.76,24.299999,42400,2.290573
2001-08-28,24.24,24.35,23.66,24.24,115200,2.284917
2001-08-27,24.379999,24.379999,23.75,24.280001,164800,2.288688
2001-08-24,24.42,24.440001,24.049999,24.25,51200,2.28586
2001-08-23,24.379999,24.530001,24.00,24.370001,159200,2.297171
2001-08-22,23.799999,24.40,23.799999,24.40,116400,2.299999
2001-08-21,24.00,24.09,23.75,24.00,82000,2.262294
2001-08-20,23.98,24.01,23.50,23.90,104800,2.252868
2001-08-17,23.629999,23.950001,23.559999,23.559999,81600,2.220819
2001-08-16,23.75,23.860001,23.35,23.860001,126800,2.249098
2001-08-15,23.700001,23.75,23.370001,23.459999,79600,2.211393
2001-08-14,23.120001,23.700001,22.879999,23.50,51600,2.215163
2001-08-13,23.15,23.50,22.75,23.02,121600,2.169917
2001-08-10,23.25,23.42,22.90,23.030001,54400,2.17086
2001-08-09,22.85,23.25,22.799999,23.00,96800,2.168032
2001-08-08,22.75,22.77,22.200001,22.77,98800,2.146352
2001-08-07,22.17,22.469999,22.17,22.219999,98000,2.094507
2001-08-06,22.610001,22.75,22.129999,22.17,113600,2.089794
2001-08-03,22.01,22.790001,21.799999,22.25,123200,2.097335
2001-08-02,23.09,23.10,22.00,22.00,307200,2.07377
2001-08-01,23.129999,23.50,22.799999,22.98,163200,2.166147
2001-07-31,23.50,23.75,23.200001,23.27,301600,2.146352
2001-07-30,23.35,23.74,23.030001,23.50,179600,2.167566
2001-07-27,23.83,23.83,23.00,23.00,127600,2.121448
2001-07-26,23.200001,24.059999,23.16,23.790001,419600,2.194315
2001-07-25,22.040001,22.90,22.00,22.690001,150800,2.092854
2001-07-24,21.950001,22.10,21.85,22.040001,258000,2.032901
2001-07-23,22.15,22.15,21.75,21.85,90800,2.015375
2001-07-20,22.25,22.25,21.73,21.950001,201600,2.024599
2001-07-19,23.00,23.00,21.73,21.90,209600,2.019987
2001-07-18,22.879999,23.00,22.24,22.50,132800,2.075329
2001-07-17,23.65,24.00,22.76,22.950001,184800,2.116836
2001-07-16,24.00,24.10,23.60,23.90,136000,2.204461
2001-07-13,24.00,24.25,24.00,24.02,44400,2.215529
2001-07-12,24.01,24.25,24.00,24.200001,56400,2.232132
2001-07-11,23.610001,24.50,23.280001,24.219999,214400,2.233977
2001-07-10,23.75,23.91,23.60,23.65,161600,2.181402
2001-07-09,24.379999,24.379999,23.65,23.90,141600,2.204461
2001-07-06,24.26,24.50,23.75,24.15,124400,2.22752
2001-07-05,23.98,24.85,23.92,24.26,130800,2.237666
2001-07-03,23.40,24.059999,23.209999,24.00,95200,2.213685
2001-07-02,22.940001,23.40,22.76,23.40,175200,2.158343
2001-06-29,22.25,22.74,22.25,22.74,241200,2.097466
2001-06-28,22.059999,22.43,21.75,22.280001,206400,2.055037
2001-06-27,21.93,21.969999,21.00,21.969999,144800,2.026444
2001-06-26,21.559999,22.02,21.50,21.950001,182800,2.024599
2001-06-25,21.450001,22.00,21.40,22.00,221600,2.029211
2001-06-22,21.610001,21.610001,20.85,21.379999,195600,1.972024
2001-06-21,21.15,22.200001,21.15,21.639999,273200,1.996006
2001-06-20,23.52,23.52,21.26,21.26,522800,1.960956
2001-06-19,23.07,23.450001,22.950001,23.209999,103200,2.140817
2001-06-18,23.200001,23.60,23.00,23.01,72400,2.12237
2001-06-15,22.309999,23.32,22.309999,23.08,187200,2.128827
2001-06-14,22.49,22.60,22.200001,22.60,88000,2.084553
2001-06-13,22.01,22.60,22.00,22.51,150000,2.076252
2001-06-12,21.870001,22.299999,21.360001,22.10,781600,2.038435
2001-06-11,23.690001,23.700001,22.84,22.84,276800,2.10669
2001-06-08,23.549999,24.00,23.549999,23.700001,239600,2.186014
2001-06-07,24.25,24.40,23.90,24.00,453600,2.213685
2001-06-06,24.10,24.60,24.00,24.17,466400,2.229365
2001-06-05,24.01,24.01,23.809999,23.90,137200,2.204461
2001-06-04,23.85,24.440001,23.620001,24.030001,192400,2.216452
2001-06-01,23.73,24.40,23.559999,24.00,107200,2.213685
2001-05-31,23.50,23.90,23.48,23.77,290800,2.19247
2001-05-30,24.43,24.440001,23.08,23.27,141600,2.146352
2001-05-29,24.440001,24.440001,23.90,24.379999,108800,2.248735
2001-05-25,23.379999,24.370001,23.379999,24.32,181600,2.2432
2001-05-24,24.01,24.360001,23.10,23.549999,227600,2.172178
2001-05-23,25.620001,25.700001,23.549999,24.030001,414400,2.216452
2001-05-22,25.98,26.549999,24.530001,25.10,390800,2.315145
2001-05-21,25.00,29.99,24.27,25.84,1003200,2.383401
2001-05-18,24.60,25.34,24.60,25.00,295200,2.305922
2001-05-17,24.059999,24.74,24.040001,24.50,462000,2.259803
2001-05-16,23.75,24.440001,23.049999,24.059999,242800,2.219219
2001-05-15,23.25,23.74,23.00,23.59,90000,2.175868
2001-05-14,23.01,23.379999,22.799999,23.07,230800,2.127904
2001-05-11,22.98,23.190001,22.690001,23.190001,126400,2.138973
2001-05-10,23.42,23.75,22.799999,23.059999,202800,2.126982
2001-05-09,23.25,23.60,23.00,23.60,132400,2.17679
2001-05-08,22.65,23.25,21.83,22.90,224800,2.112224
2001-05-07,22.10,22.50,21.799999,22.450001,542000,2.070718
2001-05-04,21.84,22.15,21.65,22.15,318000,2.043046
2001-05-03,22.24,22.25,21.50,21.50,285200,1.983093
2001-05-02,23.00,23.059999,21.35,21.75,425600,2.006152
2001-05-01,23.25,23.25,23.049999,23.190001,360400,2.092854
2001-04-30,23.27,23.280001,22.90,23.040001,375600,2.079317
2001-04-27,23.08,23.10,22.809999,22.809999,236400,2.05856
2001-04-26,22.860001,23.00,22.50,22.66,262800,2.045023
2001-04-25,23.09,23.110001,22.65,22.85,232400,2.06217
2001-04-24,22.40,23.10,22.10,23.10,248800,2.084732
2001-04-23,23.23,23.23,21.879999,22.299999,228800,2.012533
2001-04-20,22.98,23.200001,22.969999,22.98,105200,2.073902
2001-04-19,23.049999,23.57,22.969999,22.969999,384800,2.073
2001-04-18,23.00,23.620001,22.99,23.58,293600,2.128051
2001-04-17,22.08,22.98,22.08,22.75,302800,2.053145
2001-04-16,22.49,22.700001,21.92,22.25,221600,2.008021
2001-04-12,22.200001,22.65,22.01,22.10,251200,1.994484
2001-04-11,23.00,23.00,21.85,22.15,210000,1.998996
2001-04-10,22.629999,22.76,21.950001,22.129999,181200,1.997191
2001-04-09,21.50,22.50,21.299999,22.33,315200,2.015241
2001-04-06,20.625,21.937519,20.625,21.125,250000,1.906492
2001-04-05,22.21876,22.437519,22.00,22.187519,238000,2.002382
2001-04-04,21.375,22.375,21.25,22.062481,255600,1.991098
2001-04-03,21.8906,22.046881,20.75,21.375,527600,1.929054
2001-04-02,21.96876,22.75,21.75,22.00,457200,1.985459
2001-03-30,22.00,22.50,21.25,21.812481,740000,1.968536
2001-03-29,20.78124,22.00,20.75,22.00,1061600,1.985459
2001-03-28,19.312481,20.50,19.25,20.50,646800,1.850087
2001-03-27,19.75,19.75,18.875,19.312481,154000,1.742915
2001-03-26,19.75,20.00,19.75,19.812481,231600,1.78804
2001-03-23,19.937519,19.937519,19.50,19.921881,511200,1.797913
2001-03-22,19.50,19.875,19.00,19.625,174000,1.77112
2001-03-21,19.187519,19.50,19.062481,19.375,104800,1.748558
2001-03-20,18.875,19.50,18.875,19.187519,186400,1.731638
2001-03-19,18.9844,19.00,18.625,19.00,53600,1.714715
2001-03-16,18.84376,19.062481,18.75,18.875,53600,1.703434
2001-03-15,18.875,19.25,18.687519,18.812481,172000,1.697791
2001-03-14,18.937519,19.00,18.812481,18.937519,58400,1.709076
2001-03-13,19.00,19.50,19.00,19.25,94800,1.737277
2001-03-12,19.562481,19.6094,18.875,19.062481,153200,1.720353
2001-03-09,19.25,20.125,19.25,19.625,104800,1.77112
2001-03-08,18.75,20.00,18.75,19.937519,135200,1.799324
2001-03-07,18.75,19.187519,18.687519,19.00,136000,1.714715
2001-03-06,18.812481,19.00,18.75,18.75,168000,1.692153
2001-03-05,18.937519,19.00,18.812481,18.875,120400,1.703434
2001-03-02,19.062481,19.062481,18.625,18.875,110800,1.703434
2001-03-01,18.75,19.00,18.625,18.937519,160800,1.709076
2001-02-28,18.937519,19.25,18.75,19.00,123200,1.714715
2001-02-27,18.625,19.25,18.625,18.937519,193200,1.709076
2001-02-26,19.03124,19.187519,18.625,19.00,120400,1.714715
2001-02-23,19.187519,19.50,18.75,19.00,205200,1.714715
2001-02-22,19.25,19.75,19.125,19.187519,126800,1.731638
2001-02-21,19.28124,19.687519,18.875,19.50,235600,1.759839
2001-02-20,19.00,19.75,18.812481,19.75,223600,1.782401
2001-02-16,19.062481,19.125,18.75,19.125,134800,1.725996
2001-02-15,19.437519,19.50,19.00,19.00,107200,1.714715
2001-02-14,19.00,19.437519,18.875,19.437519,114000,1.7542
2001-02-13,19.375,19.375,19.00,19.00,76000,1.714715
2001-02-12,19.125,19.125,18.687519,19.125,110800,1.725996
2001-02-09,19.187519,19.437519,18.75,18.75,251200,1.692153
2001-02-08,18.937519,19.125,18.812481,19.125,55200,1.725996
2001-02-07,19.187519,19.437519,18.312481,18.812481,198000,1.697791
2001-02-06,18.75,19.437519,18.625,19.25,391200,1.737277
2001-02-05,19.09376,19.125,18.625,19.125,82800,1.725996
2001-02-02,18.75,19.00,18.375,19.00,225600,1.714715
2001-02-01,18.375,19.062481,18.00,19.00,248800,1.714715
2001-01-31,19.187519,19.25,18.375,18.50,131200,1.669591
2001-01-30,18.90624,19.125,18.375,18.687519,175200,1.686514
2001-01-29,18.937519,19.00,17.875,18.75,197200,1.692153
2001-01-26,19.00,19.125,18.75,19.125,287200,1.680872
2001-01-25,18.96876,19.00,18.125,18.50,141600,1.625941
2001-01-24,18.75,19.25,18.75,18.875,647600,1.658899
2001-01-23,18.187519,18.687519,18.187519,18.687519,298000,1.642422
2001-01-22,18.34376,18.375,18.125,18.25,396400,1.603969
2001-01-19,18.50,18.50,18.125,18.25,153200,1.603969
2001-01-18,19.437519,19.50,18.25,18.375,223600,1.614955
2001-01-17,18.375,18.812481,18.25,18.75,232400,1.647913
2001-01-16,17.875,18.375,17.875,18.25,178800,1.603969
2001-01-12,18.375,18.375,17.812481,18.125,95600,1.592983
2001-01-11,18.125,18.25,17.875,18.25,155200,1.603969
2001-01-10,18.062481,18.25,18.00,18.125,280000,1.592983
2001-01-09,17.50,18.437519,17.25,17.875,443600,1.571011
2001-01-08,17.50,17.50,17.187519,17.50,106400,1.538052
2001-01-05,17.50,17.50,17.00,17.50,98000,1.538052
2001-01-04,17.50,18.25,17.25,17.25,276800,1.51608
2001-01-03,17.125,17.50,16.875,17.50,104800,1.538052
2001-01-02,18.25,18.25,16.625,17.375,188800,1.527066
2000-12-29,18.125,18.125,17.25,18.00,69200,1.581997
2000-12-28,17.00,18.25,16.875,18.062481,205200,1.587488
2000-12-27,16.875,17.50,16.50,17.00,211200,1.494108
2000-12-26,16.375,17.00,16.00,17.00,133600,1.494108
2000-12-22,16.875,16.937519,15.875,16.062481,63600,1.411711
2000-12-21,16.50,16.937519,16.125,16.875,90400,1.483122
2000-12-20,16.50,16.75,16.125,16.687519,140800,1.466645
2000-12-19,15.81248,16.75,15.81248,16.125,34400,1.417205
2000-12-18,16.00,16.00,15.75,15.75,37600,1.384247
2000-12-15,15.59376,17.00,15.50,15.75,324800,1.384247
2000-12-14,15.875,16.50,15.50,15.625,211600,1.373261
2000-12-13,16.00,16.00,15.25,15.31248,338000,1.345794
2000-12-12,15.56248,16.125,15.50,15.81248,143200,1.389738
2000-12-11,15.93752,16.50,15.50,15.625,148000,1.373261
2000-12-08,15.50,16.00,15.50,16.00,19600,1.406219
2000-12-07,15.56248,16.375,15.50,15.50,82400,1.362275
2000-12-06,16.375,16.50,16.25,16.25,17200,1.428192
2000-12-05,16.25,16.25,15.00,16.25,216400,1.428192
2000-12-04,15.625,16.25,15.625,16.25,37600,1.428192
2000-12-01,16.50,16.50,15.75,15.875,139200,1.395233
2000-11-30,16.062481,16.50,16.00,16.50,28400,1.450164
2000-11-29,16.50,16.625,16.00,16.50,56800,1.450164
2000-11-28,16.375,17.00,16.375,16.50,35600,1.450164
2000-11-27,16.96876,16.96876,16.50,16.875,63200,1.483122
2000-11-24,16.562481,17.00,16.50,16.875,32400,1.483122
2000-11-22,16.50,17.00,16.25,16.50,29600,1.450164
2000-11-21,16.25,16.50,15.875,15.875,38400,1.395233
2000-11-20,15.75,16.312481,15.75,15.875,145600,1.395233
2000-11-17,16.25,16.25,15.75,16.00,65600,1.406219
2000-11-16,16.125,16.25,15.875,16.25,68800,1.428192
2000-11-15,16.875,16.875,15.75,16.25,80800,1.428192
2000-11-14,16.75,16.75,15.75,15.81248,133200,1.389738
2000-11-13,16.75,16.75,15.93752,16.125,100000,1.417205
2000-11-10,16.625,16.875,16.625,16.625,49200,1.46115
2000-11-09,16.75,17.00,16.75,16.812481,92400,1.477627
2000-11-08,16.562481,16.875,16.562481,16.875,51600,1.483122
2000-11-07,16.50,16.75,16.50,16.75,24400,1.472136
2000-11-06,16.75,16.875,16.50,16.562481,76400,1.455655
2000-11-03,16.562481,17.00,16.562481,16.75,64400,1.472136
2000-11-02,16.687519,17.00,16.625,17.00,162000,1.494108
2000-11-01,16.50,16.625,16.50,16.562481,36800,1.455655
2000-10-31,16.812481,17.00,16.562481,16.75,103600,1.472136
2000-10-30,16.437519,17.00,16.437519,16.828119,62000,1.435057
2000-10-27,16.50,16.50,16.437519,16.50,68400,1.407076
2000-10-26,16.437519,17.00,16.125,16.437519,128000,1.401748
2000-10-25,16.125,17.00,16.125,16.687519,130400,1.423067
2000-10-24,16.50,16.625,16.437519,16.625,110800,1.417736
2000-10-23,16.25,16.50,16.125,16.50,84800,1.407076
2000-10-20,16.375,16.50,16.375,16.375,6800,1.396417
2000-10-19,16.437519,16.625,16.187519,16.375,73200,1.396417
2000-10-18,16.125,16.50,16.125,16.437519,121600,1.401748
2000-10-17,16.625,16.625,16.00,16.125,125200,1.375097
2000-10-16,16.062481,16.625,16.062481,16.375,228000,1.396417
2000-10-13,16.375,16.50,16.00,16.062481,108800,1.369766
2000-10-12,16.687519,16.687519,16.062481,16.062481,114800,1.369766
2000-10-11,16.625,17.312481,16.25,16.625,108800,1.417736
2000-10-10,17.00,17.25,16.75,16.75,100000,1.428396
2000-10-09,16.75,17.25,16.375,17.125,48800,1.460375
2000-10-06,16.25,16.375,16.00,16.00,115600,1.364438
2000-10-05,16.50,16.50,16.25,16.25,148400,1.385757
2000-10-04,16.875,17.00,16.625,16.625,79200,1.417736
2000-10-03,17.09376,17.125,16.812481,17.00,103600,1.449715
2000-10-02,17.125,17.125,16.875,17.062481,120400,1.455043
2000-09-29,17.125,17.125,16.50,16.75,139600,1.428396
2000-09-28,17.00,17.187519,16.875,17.062481,135600,1.455043
2000-09-27,16.937519,17.125,16.75,16.875,149600,1.439055
2000-09-26,16.687519,17.187519,16.687519,16.75,121600,1.428396
2000-09-25,17.00,17.125,16.812481,16.875,82400,1.439055
2000-09-22,17.00,17.00,16.562481,16.937519,138800,1.444387
2000-09-21,17.00,17.25,16.562481,16.625,132000,1.417736
2000-09-20,17.125,17.125,16.562481,16.875,100800,1.439055
2000-09-19,16.25,17.437519,16.25,16.562481,211200,1.412404
2000-09-18,16.75,17.437519,16.75,17.00,199600,1.449715
2000-09-15,17.00,17.50,16.75,16.937519,102400,1.444387
2000-09-14,16.375,17.75,16.25,17.125,140000,1.460375
2000-09-13,16.187519,16.50,16.00,16.25,176000,1.385757
2000-09-12,15.875,16.25,15.625,16.062481,139200,1.369766
2000-09-11,16.00,16.125,15.50,15.75,49200,1.343118
2000-09-08,15.875,16.375,15.375,15.625,93200,1.332459
2000-09-07,15.56248,15.875,15.25,15.50,170400,1.321799
2000-09-06,15.75,16.437519,15.75,15.81248,68400,1.348446
2000-09-05,15.93752,16.062481,15.75,15.75,127200,1.343118
2000-09-01,15.50,16.00,15.375,15.75,66400,1.343118
2000-08-31,15.31248,15.31248,14.93752,15.25,171600,1.30048
2000-08-30,15.25,15.31248,15.125,15.25,146800,1.30048
2000-08-29,15.25,15.25,15.125,15.18752,52400,1.295151
2000-08-28,15.00,15.25,14.93752,15.25,102800,1.30048
2000-08-25,15.31248,15.31248,14.93752,14.93752,157200,1.273832
2000-08-24,15.00,15.50,15.00,15.06248,113600,1.284488
2000-08-23,15.50,15.50,14.875,15.50,312800,1.321799
2000-08-22,15.00,15.50,15.00,15.50,98000,1.321799
2000-08-21,15.18752,15.43752,14.75,15.00,109200,1.27916
2000-08-18,15.50,15.50,15.18752,15.18752,74400,1.295151
2000-08-17,15.25,15.43752,15.125,15.18752,57600,1.295151
2000-08-16,15.00,15.25,14.93752,15.25,88800,1.30048
2000-08-15,15.25,15.50,14.875,15.125,220400,1.28982
2000-08-14,14.75,15.25,14.75,14.75,82400,1.257841
2000-08-11,15.375,15.50,14.75,14.875,52800,1.268501
2000-08-10,15.125,15.375,14.875,15.25,102000,1.30048
2000-08-09,15.00,15.125,14.75,14.93752,201200,1.273832
2000-08-08,15.00,15.125,15.00,15.00,60800,1.27916
2000-08-07,15.125,15.375,14.75,15.00,71600,1.27916
2000-08-04,14.50,15.125,14.25,14.875,99600,1.268501
2000-08-03,14.75,14.75,14.375,14.375,148000,1.225862
2000-08-02,15.00,15.125,14.875,15.00,106800,1.27916
2000-08-01,15.00,15.125,14.875,15.00,112800,1.27916
2000-07-31,14.93752,15.25,14.625,15.06248,81200,1.284488
2000-07-28,14.625,15.31248,14.625,14.875,75200,1.268501
2000-07-27,14.93752,15.31248,14.625,15.25,263600,1.30048
2000-07-26,15.25,15.31248,14.93752,15.18752,137600,1.252513
2000-07-25,15.93752,15.93752,14.625,15.25,290800,1.257665
2000-07-24,16.687519,16.875,15.75,16.00,587600,1.319518
2000-07-21,16.75,16.937519,16.062481,16.50,135200,1.360753
2000-07-20,16.25,17.25,16.25,16.562481,183200,1.365906
2000-07-19,16.50,16.75,16.062481,16.25,326400,1.340135
2000-07-18,16.625,16.875,15.875,16.00,215600,1.319518
2000-07-17,16.125,16.875,15.875,16.50,230000,1.360753
2000-07-14,15.68752,16.375,15.68752,16.125,114000,1.329827
2000-07-13,16.125,16.25,15.625,15.75,181600,1.2989
2000-07-12,15.75,16.437519,15.50,16.00,253200,1.319518
2000-07-11,15.18752,16.00,15.125,15.56248,384400,1.283436
2000-07-10,15.18752,15.375,15.125,15.18752,126800,1.252513
2000-07-07,15.25,15.25,15.06248,15.125,233200,1.247357
2000-07-06,15.125,15.125,14.875,14.875,66000,1.226739
2000-07-05,15.06248,15.125,14.625,14.75,179200,1.216431
2000-07-03,15.18752,15.18752,15.00,15.125,141200,1.247357
2000-06-30,14.50,15.125,14.50,15.125,66000,1.247357
2000-06-29,14.375,14.625,14.375,14.50,70000,1.195813
2000-06-28,14.00,14.81248,14.00,14.81248,115600,1.221583
2000-06-27,14.50,14.50,14.00,14.43752,193600,1.19066
2000-06-26,14.50,14.50,14.06248,14.06248,47200,1.159731
2000-06-23,14.43752,14.50,14.18752,14.25,131600,1.175196
2000-06-22,14.125,14.375,14.00,14.375,90000,1.185504
2000-06-21,14.50,14.50,14.00,14.31248,238400,1.180348
2000-06-20,14.43752,14.43752,13.875,14.00,144000,1.154578
2000-06-19,14.56248,14.68752,14.18752,14.18752,166800,1.170043
2000-06-16,14.68752,14.68752,14.31248,14.68752,227600,1.211278
2000-06-15,14.46876,14.50,14.31248,14.50,94000,1.195813
2000-06-14,14.625,14.68752,14.125,14.68752,150400,1.211278
2000-06-13,14.625,14.625,14.25,14.50,109200,1.195813
2000-06-12,14.00,14.625,14.00,14.625,126800,1.206122
2000-06-09,14.68752,14.68752,14.00,14.00,63600,1.154578
2000-06-08,14.68752,14.68752,14.00,14.68752,129200,1.211278
2000-06-07,14.21876,14.875,14.21876,14.625,124400,1.206122
2000-06-06,14.25,14.43752,14.00,14.00,134000,1.154578
2000-06-05,14.375,14.375,13.875,14.25,148000,1.175196
2000-06-02,14.00,14.375,14.00,14.375,27200,1.185504
2000-06-01,14.25,14.375,13.875,14.375,122000,1.185504
2000-05-31,14.00,14.25,13.56248,13.875,68400,1.144269
2000-05-30,14.25,14.25,13.75,13.75,72800,1.133961
2000-05-26,13.50,14.25,13.50,14.25,103200,1.175196
2000-05-25,13.625,13.75,13.31248,13.75,170800,1.133961
2000-05-24,13.375,13.625,13.25,13.625,131200,1.123652
2000-05-23,13.75,13.75,13.25,13.375,139200,1.103034
2000-05-22,13.875,13.875,13.375,13.625,67200,1.123652
2000-05-19,13.875,13.875,13.625,13.68752,32800,1.128808
2000-05-18,14.125,14.125,13.75,13.75,117200,1.133961
2000-05-17,14.06248,14.125,13.875,14.125,113200,1.164887
2000-05-16,14.00,14.75,13.81248,14.06248,254400,1.159731
2000-05-15,14.00,14.125,13.75,13.75,95200,1.133961
2000-05-12,13.50,14.00,13.50,14.00,75600,1.154578
2000-05-11,13.75,14.125,13.56248,13.75,127600,1.133961
2000-05-10,13.25,13.875,13.00,13.50,172400,1.113343
2000-05-09,13.625,13.81248,13.00,13.50,126000,1.113343
2000-05-08,13.68752,13.875,13.43752,13.56248,135600,1.118496
2000-05-05,13.625,13.75,13.375,13.68752,77200,1.128808
2000-05-04,13.06248,13.375,13.06248,13.375,213200,1.103034
2000-05-03,13.25,13.375,13.18752,13.375,86400,1.103034
2000-05-02,13.25,13.375,13.00,13.18752,225200,1.087573
2000-05-01,13.25,13.50,13.00,13.50,277200,1.113343
2000-04-28,13.375,13.375,13.00,13.06248,126800,1.077261
2000-04-27,13.625,13.75,13.00,13.25,246800,1.092726
2000-04-26,13.625,14.00,13.50,13.75,318400,1.092726
2000-04-25,13.875,13.875,13.375,13.50,300800,1.072858
2000-04-24,13.00,13.875,13.00,13.50,350800,1.072858
2000-04-20,12.875,13.625,12.625,12.93752,134800,1.028157
2000-04-19,12.875,13.125,12.81248,12.875,91200,1.023189
2000-04-18,13.00,13.50,12.875,13.00,129600,1.033123
2000-04-17,13.25,13.75,13.00,13.00,204000,1.033123
2000-04-14,13.625,13.625,13.125,13.25,135600,1.05299
2000-04-13,13.75,13.75,13.25,13.68752,112000,1.08776
2000-04-12,13.25,13.75,13.25,13.625,114000,1.082792
2000-04-11,13.375,13.625,13.25,13.625,167600,1.082792
2000-04-10,13.31248,13.50,13.25,13.43752,112000,1.067893
2000-04-07,13.15624,13.31248,13.15624,13.31248,33600,1.057956
2000-04-06,13.375,13.375,13.125,13.25,46800,1.05299
2000-04-05,12.84376,13.25,12.84376,13.125,76000,1.043056
2000-04-04,12.75,12.93752,12.75,12.93752,123200,1.028157
2000-04-03,12.75,12.75,12.68752,12.68752,44000,1.008289
2000-03-31,12.68752,12.68752,12.68752,12.68752,18000,1.008289
2000-03-30,12.68752,12.68752,12.68752,12.68752,48800,1.008289
2000-03-29,12.68752,12.875,12.625,12.625,46000,1.003321
2000-03-28,13.00,13.00,12.75,12.75,120800,1.013255
2000-03-27,12.96876,13.00,12.75,13.00,101200,1.033123
2000-03-24,12.93752,13.00,12.93752,13.00,69600,1.033123
2000-03-23,12.875,13.00,12.81248,12.875,133200,1.023189
2000-03-22,12.625,13.00,12.625,13.00,145600,1.033123
2000-03-21,12.68752,12.75,12.625,12.625,90000,1.003321
2000-03-20,12.93752,12.93752,12.68752,12.75,214000,1.013255
2000-03-17,12.68752,12.93752,12.68752,12.93752,147600,1.028157
2000-03-16,12.875,12.875,12.625,12.75,94400,1.013255
2000-03-15,12.75,12.875,12.625,12.68752,152000,1.008289
2000-03-14,12.68752,12.875,12.68752,12.75,169200,1.013255
2000-03-13,12.625,12.875,12.56248,12.75,68000,1.013255
2000-03-10,12.625,12.75,12.50,12.75,52400,1.013255
2000-03-09,12.625,12.625,12.56248,12.56248,35600,0.998352
2000-03-08,12.50,13.00,12.50,12.625,208400,1.003321
2000-03-07,12.68752,12.81248,12.50,12.68752,147600,1.008289
2000-03-06,12.75,13.00,12.68752,12.75,62800,1.013255
2000-03-03,12.625,13.00,12.625,13.00,127200,1.033123
2000-03-02,12.25,12.875,12.25,12.81248,117200,1.01822
2000-03-01,12.75,12.75,12.25,12.43752,96800,0.988422
2000-02-29,12.50,12.75,12.25,12.50,181200,0.993387
2000-02-28,12.625,12.75,12.125,12.625,241600,1.003321
2000-02-25,13.00,13.25,12.56248,12.625,175600,1.003321
2000-02-24,12.625,13.25,12.625,13.25,103200,1.05299
2000-02-23,12.875,13.00,12.50,12.75,205200,1.013255
2000-02-22,13.00,13.125,12.875,12.875,101200,1.023189
2000-02-18,13.18752,13.25,13.00,13.25,162000,1.05299
2000-02-17,13.25,13.25,13.125,13.18752,106000,1.048025
2000-02-16,13.375,13.50,13.25,13.25,275600,1.05299
2000-02-15,13.375,13.875,13.375,13.50,94800,1.072858
2000-02-14,13.375,13.375,13.25,13.31248,124000,1.057956
2000-02-11,13.50,13.75,13.375,13.75,90800,1.092726
2000-02-10,13.50,13.625,13.31248,13.375,116000,1.062924
2000-02-09,13.28124,13.625,13.25,13.625,210400,1.082792
2000-02-08,13.625,13.625,13.25,13.50,182800,1.072858
2000-02-07,13.50,13.75,13.50,13.50,93600,1.072858
2000-02-04,13.00,13.50,13.00,13.50,131600,1.072858
2000-02-03,13.50,13.50,13.18752,13.25,192800,1.05299
2000-02-02,14.375,14.50,13.68752,13.75,334800,1.05299
2000-02-01,14.00,14.50,13.75,14.125,182000,1.081708
2000-01-31,14.00,14.00,13.75,13.93752,188800,1.067351
2000-01-28,13.75,14.25,13.75,14.00,131600,1.072135
2000-01-27,13.875,14.375,13.75,14.00,187200,1.072135
2000-01-26,13.81248,13.875,13.625,13.75,142800,1.05299
2000-01-25,13.93752,14.00,13.50,13.81248,204400,1.057775
2000-01-24,13.625,13.875,13.00,13.875,303200,1.062563
2000-01-21,13.50,13.875,13.43752,13.625,363600,1.043418
2000-01-20,13.31248,13.75,13.31248,13.43752,86800,1.02906
2000-01-19,13.25,14.00,13.25,13.375,283200,1.024272
2000-01-18,13.375,13.50,13.125,13.375,138400,1.024272
2000-01-14,12.81248,13.50,12.81248,13.31248,190000,1.019484
2000-01-13,12.75,13.00,12.68752,13.00,325600,0.995554
2000-01-12,12.625,12.875,12.625,12.75,134000,0.976409
2000-01-11,12.625,12.875,12.625,12.875,191600,0.985982
2000-01-10,12.875,13.00,12.625,12.625,260800,0.966836
2000-01-07,13.25,13.25,12.50,12.875,458000,0.985982
2000-01-06,13.40624,13.56248,13.125,13.125,145600,1.005127
2000-01-05,13.56248,13.56248,12.75,13.50,208400,1.033845
2000-01-04,13.50,13.625,13.25,13.56248,374400,1.03863
2000-01-03,12.71876,13.56248,12.375,13.56248,255200,1.03863
1999-12-31,12.125,12.375,12.125,12.25,434800,0.938119
1999-12-30,12.125,12.50,12.125,12.25,674400,0.938119
1999-12-29,12.375,12.75,12.00,12.25,428400,0.938119
1999-12-28,12.50,12.93752,12.375,12.75,402800,0.976409
1999-12-27,12.50,12.56248,12.00,12.50,760400,0.957264
1999-12-23,12.75,13.00,12.375,12.43752,656400,0.952479
1999-12-22,12.625,13.25,12.625,12.875,436000,0.985982
1999-12-21,12.50,12.75,12.43752,12.75,412800,0.976409
1999-12-20,12.875,12.93752,12.50,12.56248,371600,0.962049
1999-12-17,12.875,13.25,12.81248,12.875,801200,0.985982
1999-12-16,12.81248,12.93752,12.81248,12.93752,463600,0.99077
1999-12-15,12.81248,12.875,12.56248,12.875,495200,0.985982
1999-12-14,12.81248,13.125,12.56248,12.81248,363600,0.981194
1999-12-13,13.125,13.75,12.875,12.875,297600,0.985982
1999-12-10,13.00,13.43752,12.625,13.31248,287200,1.019484
1999-12-09,12.625,12.875,12.50,12.75,500000,0.976409
1999-12-08,13.25,13.25,12.75,12.75,377600,0.976409
1999-12-07,13.25,13.375,12.875,13.00,634400,0.995554
1999-12-06,13.50,13.625,13.25,13.25,405200,1.0147
1999-12-03,13.375,13.625,13.375,13.50,397600,1.033845
1999-12-02,13.00,13.625,13.00,13.375,506800,1.024272
1999-12-01,12.375,13.25,12.375,13.00,493600,0.995554
1999-11-30,12.75,12.875,12.375,12.50,597600,0.957264
1999-11-29,13.125,13.25,12.75,12.93752,557200,0.99077
1999-11-26,12.75,13.125,12.625,12.875,160000,0.985982
1999-11-24,13.375,14.00,12.625,13.00,386400,0.995554
1999-11-23,14.56248,14.56248,12.625,13.50,476800,1.033845
1999-11-22,14.56248,14.625,13.875,14.375,279200,1.100853
1999-11-19,13.125,14.75,13.125,14.50,480000,1.110426
1999-11-18,13.00,13.50,12.875,13.25,427200,1.0147
1999-11-17,12.56248,13.50,12.50,13.00,642000,0.995554
1999-11-16,12.31248,12.50,12.25,12.50,508400,0.957264
1999-11-15,12.625,12.75,12.25,12.31248,805600,0.942903
1999-11-12,12.43752,12.75,12.25,12.625,440000,0.966836
1999-11-11,12.125,12.50,12.00,12.25,630400,0.938119
1999-11-10,12.125,12.25,12.00,12.125,592400,0.928546
1999-11-09,12.50,12.75,12.00,12.25,560000,0.938119
1999-11-08,13.00,13.125,12.125,12.50,546400,0.957264
1999-11-05,13.125,13.50,13.00,13.06248,249600,1.000339
1999-11-04,13.125,13.56248,13.00,13.125,240000,1.005127
1999-11-03,13.375,13.375,13.00,13.00,642400,0.995554
1999-11-02,13.43752,13.43752,13.18752,13.18752,495600,1.009915
1999-11-01,13.50,13.625,13.375,13.43752,366000,1.02906
1999-10-29,13.625,13.875,13.50,13.50,309200,1.033845
1999-10-28,13.75,14.18752,13.50,13.625,580000,1.043418
1999-10-27,14.125,14.25,13.75,14.00,646400,1.072135
1999-10-26,14.50,14.625,14.375,14.50,545200,1.092812
1999-10-25,14.56248,14.75,14.06248,14.75,452000,1.111654
1999-10-22,14.06248,14.25,14.00,14.125,454400,1.06455
1999-10-21,14.18752,14.43752,14.06248,14.125,190000,1.06455
1999-10-20,14.00,14.31248,14.00,14.18752,117600,1.069262
1999-10-19,14.00,14.31248,13.68752,14.00,252000,1.055129
1999-10-18,13.31248,14.125,13.25,14.00,414800,1.055129
1999-10-15,13.50,13.65624,13.125,13.25,290000,0.998604
1999-10-14,14.00,14.00,13.625,13.625,128800,1.026867
1999-10-13,13.81248,14.00,13.81248,13.875,357600,1.045708
1999-10-12,13.75,14.00,13.625,13.93752,397200,1.05042
1999-10-11,13.75,14.00,13.75,14.00,393600,1.055129
1999-10-08,13.75,13.875,13.625,13.75,206800,1.036288
1999-10-07,13.68752,14.06248,13.56248,14.06248,475600,1.059838
1999-10-06,13.875,14.125,13.625,13.625,394000,1.026867
1999-10-05,13.50,14.18752,13.375,13.875,589200,1.045708
1999-10-04,13.625,13.875,13.25,13.375,462800,1.008025
1999-10-01,14.375,14.375,13.625,13.625,677200,1.026867
1999-09-30,14.18752,14.50,14.00,14.375,465200,1.083392
1999-09-29,14.00,14.50,13.875,14.125,861600,1.06455
1999-09-28,13.875,14.06248,13.68752,14.00,490400,1.055129
1999-09-27,14.125,14.25,13.75,14.00,846400,1.055129
1999-09-24,13.68752,14.125,13.625,14.00,386400,1.055129
1999-09-23,13.875,14.00,13.53124,13.75,940000,1.036288
1999-09-22,14.125,14.25,13.50,13.875,1877600,1.045708
1999-09-21,14.50,14.50,14.00,14.06248,850000,1.059838
1999-09-20,14.93752,15.06248,14.375,14.375,948800,1.083392
1999-09-17,14.875,15.06248,14.75,15.00,596000,1.130496
1999-09-16,14.50,14.875,14.25,14.75,636000,1.111654
1999-09-15,14.875,15.00,14.50,14.625,954800,1.102233
1999-09-14,15.15624,15.31248,14.68752,14.75,927600,1.111654
1999-09-13,15.75,16.00,15.00,15.00,858000,1.130496
1999-09-10,14.875,16.00,14.625,15.625,855200,1.1776
1999-09-09,15.875,15.875,14.50,14.75,1126800,1.111654
1999-09-08,15.125,15.68752,15.00,15.56248,566400,1.172888
1999-09-07,15.875,15.875,15.00,15.00,684400,1.130496
1999-09-03,15.50,15.81248,15.375,15.81248,504000,1.191729
1999-09-02,16.062481,16.062481,15.25,15.43752,837200,1.16347
1999-09-01,16.937519,17.00,16.00,16.00,584400,1.205862
1999-08-31,16.625,16.875,16.625,16.625,282400,1.252966
1999-08-30,17.25,17.312481,16.625,16.625,634400,1.252966
1999-08-27,17.625,17.625,17.25,17.25,330800,1.30007
1999-08-26,17.75,17.812481,17.625,17.75,333600,1.337753
1999-08-25,18.50,18.562481,17.50,17.812481,635600,1.342462
1999-08-24,18.625,18.75,18.50,18.50,942000,1.394278
1999-08-23,18.875,18.875,18.625,18.625,470000,1.403699
1999-08-20,18.75,18.875,18.75,18.875,521200,1.42254
1999-08-19,19.00,19.00,18.687519,18.75,185200,1.413119
1999-08-18,18.937519,18.937519,18.75,18.75,427600,1.413119
1999-08-17,18.187519,19.062481,17.875,18.812481,13010400,1.417828
