Date,Open,High,Low,Close,Volume,Adj Close
2016-04-19,20.299999,20.66,20.16,20.360001,682700,20.360001
2016-04-18,20.27,20.559999,20.049999,20.200001,482200,20.200001
2016-04-15,20.469999,20.629999,19.93,20.23,547400,20.23
2016-04-14,20.50,20.690001,20.309999,20.60,401000,20.60
2016-04-13,19.65,20.67,19.65,20.549999,490000,20.549999
2016-04-12,19.379999,19.67,19.26,19.65,667000,19.65
2016-04-11,19.18,20.25,19.18,19.379999,825400,19.379999
2016-04-08,19.32,19.50,19.01,19.25,423600,19.25
2016-04-07,19.27,19.469999,19.09,19.17,675700,19.17
2016-04-06,19.219999,19.50,19.16,19.379999,403000,19.379999
2016-04-05,19.139999,19.52,19.059999,19.27,647900,19.27
2016-04-04,19.639999,19.68,19.030001,19.280001,490200,19.280001
2016-04-01,19.299999,19.73,19.049999,19.610001,514400,19.610001
2016-03-31,19.450001,19.709999,19.049999,19.389999,635300,19.389999
2016-03-30,19.49,19.68,19.15,19.389999,510500,19.389999
2016-03-29,18.65,19.469999,18.65,19.41,542800,19.41
2016-03-28,18.67,18.98,18.35,18.719999,601500,18.719999
2016-03-24,17.809999,18.60,17.40,18.57,657700,18.57
2016-03-23,18.709999,18.76,17.790001,17.82,521100,17.82
2016-03-22,18.57,19.049999,18.440001,18.809999,642300,18.809999
2016-03-21,19.190001,19.629999,18.76,18.76,865300,18.76
2016-03-18,18.43,19.32,18.030001,19.190001,1613900,19.190001
2016-03-17,18.690001,18.76,18.040001,18.309999,1008200,18.309999
2016-03-16,18.469999,18.84,18.24,18.809999,858500,18.809999
2016-03-15,19.40,19.549999,18.360001,18.639999,817100,18.639999
2016-03-14,18.52,19.48,18.299999,19.42,1217300,19.42
2016-03-11,18.32,18.58,18.24,18.559999,790200,18.559999
2016-03-10,18.75,18.93,17.639999,18.139999,1065500,18.139999
2016-03-09,19.40,19.549999,18.65,18.75,1292800,18.75
2016-03-08,20.09,20.209999,19.120001,19.299999,1225000,19.299999
2016-03-07,19.48,20.290001,19.459999,20.110001,659800,20.110001
2016-03-04,19.52,19.799999,19.07,19.620001,825700,19.620001
2016-03-03,18.33,19.52,18.290001,19.52,1253500,19.52
2016-03-02,17.950001,18.49,17.91,18.360001,1264600,18.360001
2016-03-01,18.110001,18.34,17.690001,18.00,1028900,18.00
2016-02-29,17.42,18.16,17.209999,17.90,1145600,17.90
2016-02-26,17.34,17.559999,16.940001,17.51,580300,17.51
2016-02-25,17.33,17.459999,16.98,17.33,889300,17.33
2016-02-24,17.049999,17.40,16.84,17.34,1339500,17.34
2016-02-23,16.940001,17.360001,16.940001,17.17,849100,17.17
2016-02-22,16.870001,17.07,16.68,16.98,828400,16.98
2016-02-19,16.110001,16.780001,16.110001,16.57,1106400,16.57
2016-02-18,15.87,16.190001,15.47,16.09,1676100,16.09
2016-02-17,15.83,16.280001,15.48,15.92,2182600,15.92
2016-02-16,15.76,16.17,15.30,15.83,2349200,15.83
2016-02-12,16.82,16.889999,14.28,15.58,9645700,15.58
2016-02-11,20.15,20.74,19.82,20.51,1071400,20.51
2016-02-10,20.469999,20.93,20.290001,20.32,454300,20.32
2016-02-09,20.299999,20.93,20.00,20.360001,757300,20.360001
2016-02-08,20.379999,20.629999,19.98,20.610001,754900,20.610001
2016-02-05,21.00,21.00,20.200001,20.52,991000,20.52
2016-02-04,20.620001,21.10,20.52,21.049999,808100,21.049999
2016-02-03,21.299999,21.620001,20.290001,20.879999,888300,20.879999
2016-02-02,21.15,21.49,20.65,21.209999,834100,21.209999
2016-02-01,20.75,21.43,20.32,21.200001,845600,21.200001
2016-01-29,19.780001,21.07,19.450001,21.059999,1478500,21.059999
2016-01-28,19.309999,19.459999,18.790001,18.809999,631200,18.809999
2016-01-27,19.309999,19.65,18.860001,18.959999,678900,18.959999
2016-01-26,19.129999,19.50,19.120001,19.450001,708700,19.450001
2016-01-25,19.43,19.709999,18.940001,18.959999,572100,18.959999
2016-01-22,19.370001,19.84,19.24,19.469999,751700,19.469999
2016-01-21,18.74,19.49,18.639999,19.110001,718700,19.110001
2016-01-20,18.360001,18.98,17.559999,18.719999,1055300,18.719999
2016-01-19,19.93,20.75,18.15,18.57,1626800,18.57
2016-01-15,19.33,20.200001,19.33,19.860001,1109100,19.860001
2016-01-14,19.82,20.370001,19.57,19.92,679400,19.92
2016-01-13,20.83,21.09,19.719999,19.85,481900,19.85
2016-01-12,20.690001,21.17,20.299999,20.76,647600,20.76
2016-01-11,20.219999,20.52,19.82,20.379999,716300,20.379999
2016-01-08,20.51,21.23,20.00,20.049999,819200,20.049999
2016-01-07,20.49,21.370001,20.49,21.120001,803800,21.120001
2016-01-06,20.92,21.16,20.65,20.90,674900,20.90
2016-01-05,21.10,21.360001,20.780001,21.24,601900,21.24
2016-01-04,21.25,21.799999,20.719999,21.030001,637500,21.030001
2015-12-31,21.639999,21.93,21.40,21.41,364600,21.41
2015-12-30,21.76,21.82,21.40,21.67,454100,21.67
2015-12-29,21.040001,21.809999,21.040001,21.76,489600,21.76
2015-12-28,21.08,21.309999,20.83,21.01,445600,21.01
2015-12-24,21.469999,21.50,21.219999,21.219999,179000,21.219999
2015-12-23,21.40,21.629999,21.25,21.52,658000,21.52
2015-12-22,20.889999,21.549999,19.90,21.17,1905900,21.17
2015-12-21,21.73,21.799999,21.059999,21.27,541400,21.27
2015-12-18,22.440001,22.76,21.74,21.75,1578400,21.75
2015-12-17,23.23,23.23,22.629999,22.639999,535300,22.639999
2015-12-16,22.23,23.110001,22.200001,23.07,431500,23.07
2015-12-15,22.09,22.40,21.790001,22.17,622300,22.17
2015-12-14,22.700001,22.889999,21.959999,22.10,379100,22.10
2015-12-11,22.83,23.200001,22.540001,22.73,347500,22.73
2015-12-10,23.360001,23.690001,23.129999,23.33,391300,23.33
2015-12-09,23.459999,24.120001,23.16,23.34,545000,23.34
2015-12-08,23.07,23.82,22.700001,23.690001,448900,23.690001
2015-12-07,23.549999,24.60,23.030001,23.27,570200,23.27
2015-12-04,23.23,23.85,23.139999,23.68,432900,23.68
2015-12-03,24.110001,24.450001,23.17,23.299999,310000,23.299999
2015-12-02,23.889999,24.23,23.889999,24.110001,344200,24.110001
2015-12-01,23.219999,24.139999,23.219999,23.870001,811100,23.870001
2015-11-30,24.389999,24.66,23.59,23.620001,470400,23.620001
2015-11-27,24.57,25.00,24.35,24.440001,256900,24.440001
2015-11-25,24.040001,24.700001,24.040001,24.57,418700,24.57
2015-11-24,23.73,24.26,23.66,24.15,570800,24.15
2015-11-23,23.57,24.16,23.43,24.059999,617500,24.059999
2015-11-20,22.940001,23.65,22.82,23.49,666000,23.49
2015-11-19,22.93,23.190001,22.65,22.73,592900,22.73
2015-11-18,23.02,24.379999,22.92,23.190001,623100,23.190001
2015-11-17,23.10,23.52,22.870001,23.110001,600500,23.110001
2015-11-16,22.92,23.26,22.549999,23.00,506000,23.00
2015-11-13,23.559999,23.59,22.90,22.969999,825500,22.969999
2015-11-12,23.790001,24.139999,23.59,23.77,800600,23.77
2015-11-11,24.040001,24.780001,23.51,23.879999,684600,23.879999
2015-11-10,23.92,24.23,23.610001,23.93,888700,23.93
2015-11-09,24.67,25.50,23.67,24.10,904400,24.10
2015-11-06,25.41,25.75,24.60,24.67,2167200,24.67
2015-11-05,24.629999,26.200001,23.59,25.50,4185100,25.50
2015-11-04,21.889999,22.17,21.27,21.440001,1426800,21.440001
2015-11-03,21.51,22.360001,21.51,22.02,1181400,22.02
2015-11-02,21.25,21.74,20.969999,21.629999,723300,21.629999
2015-10-30,21.360001,21.879999,20.90,21.200001,722100,21.200001
2015-10-29,21.35,21.469999,21.17,21.360001,740300,21.360001
2015-10-28,20.73,21.51,20.620001,21.290001,991900,21.290001
2015-10-27,21.030001,21.139999,20.469999,20.629999,941600,20.629999
2015-10-26,21.299999,21.610001,21.00,21.09,757800,21.09
2015-10-23,21.889999,21.889999,21.040001,21.360001,629000,21.360001
2015-10-22,21.469999,21.809999,21.280001,21.530001,711800,21.530001
2015-10-21,22.450001,22.450001,21.110001,21.27,1820200,21.27
2015-10-20,22.68,22.99,22.52,22.809999,715400,22.809999
2015-10-19,22.99,23.35,22.57,22.68,969200,22.68
2015-10-16,24.65,24.74,22.98,23.030001,1310500,23.030001
2015-10-15,24.01,24.690001,23.809999,24.610001,1311400,24.610001
2015-10-14,24.18,24.459999,23.82,23.950001,838500,23.950001
2015-10-13,24.40,24.559999,24.139999,24.26,1646700,24.26
2015-10-12,24.719999,24.719999,24.200001,24.48,585700,24.48
2015-10-09,24.610001,24.90,24.32,24.620001,709700,24.620001
2015-10-08,23.98,24.629999,23.940001,24.60,946900,24.60
2015-10-07,23.98,24.299999,23.870001,24.040001,1208900,24.040001
2015-10-06,23.129999,23.969999,23.129999,23.90,1510400,23.90
2015-10-05,22.43,23.33,22.299999,23.280001,513700,23.280001
2015-10-02,22.139999,22.23,21.67,22.18,790800,22.18
2015-10-01,21.77,22.379999,21.75,22.299999,851700,22.299999
2015-09-30,21.83,21.950001,21.48,21.879999,518200,21.879999
2015-09-29,21.42,21.59,21.08,21.51,1024500,21.51
2015-09-28,21.74,21.82,21.280001,21.34,578800,21.34
2015-09-25,22.200001,22.35,21.719999,21.870001,482000,21.870001
2015-09-24,22.190001,22.40,21.93,22.059999,459500,22.059999
2015-09-23,22.40,23.01,22.24,22.34,465500,22.34
2015-09-22,22.33,22.60,22.10,22.299999,398500,22.299999
2015-09-21,22.93,23.43,22.59,22.68,647200,22.68
2015-09-18,22.65,23.219999,22.49,22.719999,5374400,22.719999
2015-09-17,22.67,23.389999,22.65,23.049999,798200,23.049999
2015-09-16,22.91,22.93,22.549999,22.559999,620900,22.559999
2015-09-15,22.690001,23.15,22.58,22.860001,624900,22.860001
2015-09-14,23.209999,23.209999,22.35,22.559999,794000,22.559999
2015-09-11,23.00,23.52,22.91,23.209999,667500,23.209999
2015-09-10,23.700001,24.09,23.610001,23.73,348300,23.73
2015-09-09,24.469999,24.469999,23.76,23.82,380500,23.82
2015-09-08,23.68,24.379999,23.309999,24.25,403300,24.25
2015-09-04,23.219999,23.68,23.16,23.290001,243100,23.290001
2015-09-03,23.92,24.190001,23.540001,23.620001,482000,23.620001
2015-09-02,23.57,23.82,23.42,23.790001,380700,23.790001
2015-09-01,23.809999,24.049999,23.290001,23.40,367400,23.40
2015-08-31,24.25,24.60,24.08,24.35,483100,24.35
2015-08-28,24.24,24.75,24.190001,24.450001,558300,24.450001
2015-08-27,23.959999,24.57,23.51,24.41,624300,24.41
2015-08-26,23.75,23.860001,23.040001,23.719999,651700,23.719999
2015-08-25,23.940001,23.99,23.00,23.209999,908700,23.209999
2015-08-24,23.65,24.110001,22.959999,23.120001,1095600,23.120001
2015-08-21,24.790001,24.959999,24.139999,24.209999,706100,24.209999
2015-08-20,25.49,25.620001,25.18,25.219999,465700,25.219999
2015-08-19,25.870001,25.889999,25.389999,25.629999,353100,25.629999
2015-08-18,25.870001,26.209999,25.709999,25.879999,420000,25.879999
2015-08-17,25.700001,25.870001,25.34,25.809999,384800,25.809999
2015-08-14,25.42,25.790001,25.34,25.780001,285800,25.780001
2015-08-13,25.889999,26.040001,25.43,25.60,579100,25.60
2015-08-12,25.76,26.02,25.309999,25.85,407500,25.85
2015-08-11,26.139999,26.40,25.74,25.98,320500,25.98
2015-08-10,26.24,26.719999,26.200001,26.299999,636200,26.299999
2015-08-07,25.809999,26.030001,25.51,26.030001,592800,26.030001
2015-08-06,26.16,26.16,25.51,25.83,797500,25.83
2015-08-05,26.01,26.209999,25.860001,26.040001,436000,26.040001
2015-08-04,25.58,26.00,25.52,25.790001,499900,25.790001
2015-08-03,25.940001,26.17,25.42,25.629999,748600,25.629999
2015-07-31,25.870001,26.120001,25.52,26.040001,507300,26.040001
2015-07-30,25.49,25.85,25.16,25.709999,677100,25.709999
2015-07-29,25.58,25.73,25.17,25.459999,726600,25.459999
2015-07-28,24.91,25.870001,24.860001,25.719999,1078100,25.719999
2015-07-27,25.950001,25.950001,24.68,24.73,1168800,24.73
2015-07-24,25.50,26.190001,25.40,26.16,1203100,26.16
2015-07-23,27.85,27.99,25.17,25.559999,3921500,25.559999
2015-07-22,28.309999,28.75,28.280001,28.59,1195300,28.59
2015-07-21,28.40,29.15,28.16,28.33,667300,28.33
2015-07-20,28.959999,29.24,28.15,28.40,1042300,28.40
2015-07-17,30.290001,30.540001,28.780001,28.98,1041700,28.98
2015-07-16,30.43,30.59,30.17,30.35,330400,30.35
2015-07-15,30.24,30.59,30.030001,30.290001,478400,30.290001
2015-07-14,30.33,30.690001,29.559999,30.17,360500,30.17
2015-07-13,30.75,30.870001,30.610001,30.790001,240100,30.790001
2015-07-10,30.540001,30.629999,30.219999,30.51,328700,30.51
2015-07-09,29.959999,30.35,29.799999,30.209999,380700,30.209999
2015-07-08,29.73,30.26,29.51,29.68,436700,29.68
2015-07-07,30.16,30.24,29.25,29.92,582800,29.92
2015-07-06,29.879999,30.68,29.76,30.07,500700,30.07
2015-07-02,30.540001,30.700001,29.790001,30.040001,384600,30.040001
2015-07-01,30.309999,30.709999,30.309999,30.49,468500,30.49
2015-06-30,30.25,30.370001,30.02,30.07,392400,30.07
2015-06-29,30.40,30.950001,30.030001,30.07,516900,30.07
2015-06-26,30.32,30.76,30.32,30.67,904700,30.67
2015-06-25,30.25,30.50,30.059999,30.17,307600,30.17
2015-06-24,30.459999,30.870001,30.16,30.209999,450800,30.209999
2015-06-23,30.360001,30.60,30.09,30.450001,453700,30.450001
2015-06-22,30.43,30.50,30.10,30.49,407400,30.49
2015-06-19,29.450001,30.35,29.40,30.200001,1011500,30.200001
2015-06-18,29.17,29.91,29.07,29.33,480700,29.33
2015-06-17,29.41,29.549999,28.959999,29.17,480100,29.17
2015-06-16,28.82,29.84,28.709999,29.40,658900,29.40
2015-06-15,29.57,30.00,28.870001,29.110001,1184700,29.110001
2015-06-12,31.139999,31.49,30.879999,30.969999,417400,30.969999
2015-06-11,31.110001,31.75,31.01,31.190001,449200,31.190001
2015-06-10,31.01,31.26,30.91,31.09,495700,31.09
2015-06-09,31.280001,31.299999,30.68,30.940001,436300,30.940001
2015-06-08,31.43,31.48,31.17,31.23,317500,31.23
2015-06-05,31.139999,31.540001,30.90,31.389999,434800,31.389999
2015-06-04,31.23,31.41,30.860001,31.10,418500,31.10
2015-06-03,30.549999,31.450001,30.389999,31.23,807800,31.23
2015-06-02,30.139999,30.610001,29.940001,30.459999,696200,30.459999
2015-06-01,31.559999,31.709999,30.18,30.280001,980700,30.280001
2015-05-29,30.73,31.59,30.73,31.15,609400,31.15
2015-05-28,30.440001,30.719999,30.26,30.65,470200,30.65
2015-05-27,30.48,30.68,30.200001,30.49,496000,30.49
2015-05-26,30.360001,30.50,29.969999,30.16,480800,30.16
2015-05-22,30.889999,30.959999,30.41,30.50,375100,30.50
2015-05-21,31.41,31.41,30.84,30.91,297400,30.91
2015-05-20,31.42,31.49,30.83,31.40,506700,31.40
2015-05-19,30.93,31.75,30.93,31.440001,711400,31.440001
2015-05-18,30.60,30.98,30.299999,30.969999,613000,30.969999
2015-05-15,30.34,30.66,30.190001,30.60,490800,30.60
2015-05-14,30.790001,30.790001,30.15,30.290001,585900,30.290001
2015-05-13,31.23,31.25,30.51,30.639999,415900,30.639999
2015-05-12,31.34,31.469999,30.91,31.190001,469200,31.190001
2015-05-11,31.68,32.18,31.530001,31.73,401000,31.73
2015-05-08,31.77,32.099998,31.67,31.709999,637700,31.709999
2015-05-07,31.01,31.709999,30.940001,31.440001,604400,31.440001
2015-05-06,31.549999,31.639999,30.799999,31.01,749800,31.01
2015-05-05,31.77,32.049999,31.469999,31.530001,748100,31.530001
2015-05-04,32.209999,32.360001,31.60,31.889999,838500,31.889999
2015-05-01,30.860001,32.349998,30.85,32.299999,1532700,32.299999
2015-04-30,31.40,31.50,30.690001,30.82,1611300,30.82
2015-04-29,32.990002,32.990002,31.610001,31.639999,994200,31.639999
2015-04-28,32.889999,33.16,32.470001,32.990002,877300,32.990002
2015-04-27,34.509998,34.68,32.77,32.990002,893100,32.990002
2015-04-24,33.689999,34.560001,33.43,34.50,841500,34.50
2015-04-23,35.75,35.75,33.369999,33.639999,2210700,33.639999
2015-04-22,34.470001,34.470001,33.799999,34.119999,916900,34.119999
2015-04-21,33.639999,34.41,33.639999,33.82,592900,33.82
2015-04-20,32.950001,33.790001,32.950001,33.59,452500,33.59
2015-04-17,33.290001,33.43,32.509998,32.66,554500,32.66
2015-04-16,34.07,34.07,33.290001,33.369999,479900,33.369999
2015-04-15,33.889999,34.23,33.799999,34.02,311200,34.02
2015-04-14,34.09,34.09,33.349998,33.75,488700,33.75
2015-04-13,33.869999,34.099998,33.509998,33.93,380600,33.93
2015-04-10,33.869999,34.00,33.560001,33.709999,317500,33.709999
2015-04-09,34.25,34.619999,33.720001,33.790001,451700,33.790001
2015-04-08,33.689999,34.419998,33.50,34.349998,422200,34.349998
2015-04-07,33.360001,34.439999,33.360001,33.700001,560600,33.700001
2015-04-06,33.849998,33.93,33.25,33.360001,364300,33.360001
2015-04-02,33.759998,34.439999,33.669998,33.919998,368400,33.919998
2015-04-01,34.43,34.43,33.669998,33.82,1029700,33.82
2015-03-31,33.959999,34.970001,33.860001,34.470001,787500,34.470001
2015-03-30,33.43,34.09,33.290001,33.970001,620000,33.970001
2015-03-27,32.549999,33.259998,32.380001,33.150002,572700,33.150002
2015-03-26,33.18,33.18,32.279999,32.529999,586800,32.529999
2015-03-25,33.990002,34.200001,33.169998,33.25,364000,33.25
2015-03-24,33.98,34.419998,33.860001,34.040001,382400,34.040001
2015-03-23,34.48,34.52,33.82,33.91,499200,33.91
2015-03-20,34.150002,34.990002,34.040001,34.619999,1460600,34.619999
2015-03-19,33.700001,33.950001,33.509998,33.900002,454300,33.900002
2015-03-18,33.110001,33.630001,32.50,33.619999,692800,33.619999
2015-03-17,33.279999,33.529999,33.099998,33.32,519200,33.32
2015-03-16,33.150002,33.619999,33.029999,33.32,534200,33.32
2015-03-13,33.290001,33.459999,32.830002,33.07,564200,33.07
2015-03-12,32.779999,33.48,32.630001,33.200001,576100,33.200001
2015-03-11,32.23,32.84,32.060001,32.59,512000,32.59
2015-03-10,32.130001,32.34,31.940001,32.209999,405200,32.209999
2015-03-09,31.879999,32.50,31.620001,32.360001,494500,32.360001
2015-03-06,32.009998,32.279999,31.76,31.82,397700,31.82
2015-03-05,32.25,32.50,31.940001,32.209999,321600,32.209999
2015-03-04,31.92,32.23,31.360001,32.099998,484000,32.099998
2015-03-03,32.290001,32.299999,31.43,32.00,542200,32.00
2015-03-02,32.209999,32.639999,31.799999,32.259998,626300,32.259998
2015-02-27,31.51,32.740002,31.50,32.099998,1085800,32.099998
2015-02-26,30.870001,31.52,30.58,31.469999,518600,31.469999
2015-02-25,31.09,31.629999,30.77,30.83,642700,30.83
2015-02-24,31.639999,32.189999,31.15,31.23,613400,31.23
2015-02-23,31.370001,31.67,30.940001,31.51,1002300,31.51
2015-02-20,31.65,31.99,31.219999,31.32,680100,31.32
2015-02-19,32.00,32.099998,31.25,31.540001,763600,31.540001
2015-02-18,32.080002,32.200001,31.84,31.940001,600600,31.940001
2015-02-17,32.139999,32.470001,31.780001,32.200001,570500,32.200001
2015-02-13,31.879999,32.68,31.75,32.139999,1345900,32.139999
2015-02-12,32.290001,32.950001,30.780001,31.709999,3714200,31.709999
2015-02-11,30.99,32.110001,30.50,31.959999,2768700,31.959999
2015-02-10,30.940001,31.43,30.639999,31.09,1147100,31.09
2015-02-09,31.530001,31.530001,30.530001,30.76,1257500,30.76
2015-02-06,31.27,31.66,31.00,31.52,601800,31.52
2015-02-05,31.959999,32.349998,31.16,31.549999,766700,31.549999
2015-02-04,30.940001,32.650002,30.799999,31.940001,1732800,31.940001
2015-02-03,31.00,31.26,30.809999,31.08,916600,31.08
2015-02-02,30.129999,31.00,29.76,30.99,1276200,30.99
2015-01-30,30.35,30.68,29.66,29.84,834400,29.84
2015-01-29,30.219999,30.950001,30.040001,30.540001,584800,30.540001
2015-01-28,30.299999,30.75,29.870001,30.18,714700,30.18
2015-01-27,29.99,30.969999,29.57,30.24,1276800,30.24
2015-01-26,29.51,29.75,29.059999,29.41,567400,29.41
2015-01-23,28.90,29.66,28.75,29.43,896400,29.43
2015-01-22,29.00,29.18,28.50,28.90,835200,28.90
2015-01-21,28.299999,28.99,28.280001,28.82,763200,28.82
2015-01-20,27.959999,28.52,27.780001,28.26,748600,28.26
2015-01-16,27.200001,27.780001,26.780001,27.76,651300,27.76
2015-01-15,28.25,28.469999,26.790001,27.26,730800,27.26
2015-01-14,27.85,28.690001,27.610001,28.129999,426600,28.129999
2015-01-13,28.879999,29.00,27.67,28.139999,1018400,28.139999
2015-01-12,28.09,28.83,28.01,28.57,793500,28.57
2015-01-09,27.99,28.219999,27.559999,27.959999,1198000,27.959999
2015-01-08,27.290001,28.77,27.00,28.15,1907800,28.15
2015-01-07,26.549999,27.040001,26.469999,26.889999,1359500,26.889999
2015-01-06,26.50,26.66,26.110001,26.43,758100,26.43
2015-01-05,26.77,26.99,26.209999,26.49,471600,26.49
2015-01-02,27.190001,27.33,26.549999,26.870001,367200,26.870001
2014-12-31,27.34,27.450001,27.02,27.030001,416400,27.030001
2014-12-30,27.26,27.42,27.18,27.23,341900,27.23
2014-12-29,27.09,27.469999,27.059999,27.27,520400,27.27
2014-12-26,27.18,27.43,27.02,27.07,266200,27.07
2014-12-24,27.370001,27.40,27.18,27.190001,417200,27.190001
2014-12-23,27.35,27.51,27.17,27.27,547900,27.27
2014-12-22,26.799999,27.40,26.76,27.33,557000,27.33
2014-12-19,27.40,27.49,26.620001,26.84,1690700,26.84
2014-12-18,27.60,27.60,27.280001,27.35,876700,27.35
2014-12-17,26.82,27.290001,26.639999,27.27,1338800,27.27
2014-12-16,26.200001,26.969999,24.469999,26.709999,1112600,26.709999
2014-12-15,26.780001,27.030001,26.549999,26.77,2741500,26.77
2014-12-12,25.360001,26.129999,25.360001,25.959999,642700,25.959999
2014-12-11,25.65,26.32,25.540001,25.709999,657900,25.709999
2014-12-10,25.98,26.16,25.50,25.50,548500,25.50
2014-12-09,25.60,26.10,25.35,26.01,726100,26.01
2014-12-08,25.93,26.15,25.74,25.84,1422400,25.84
2014-12-05,26.049999,26.290001,25.719999,25.860001,660600,25.860001
2014-12-04,26.049999,26.200001,25.809999,26.040001,494700,26.040001
2014-12-03,25.74,26.299999,25.610001,26.049999,338900,26.049999
2014-12-02,25.870001,26.42,25.620001,25.68,580900,25.68
2014-12-01,26.24,26.299999,25.690001,25.76,548500,25.76
2014-11-28,26.450001,26.90,26.280001,26.34,287000,26.34
2014-11-26,26.59,26.59,26.27,26.32,412000,26.32
2014-11-25,26.77,27.040001,26.34,26.52,412900,26.52
2014-11-24,26.219999,26.950001,26.200001,26.719999,448600,26.719999
2014-11-21,26.879999,26.969999,26.139999,26.190001,479500,26.190001
2014-11-20,26.01,26.68,25.969999,26.559999,595700,26.559999
2014-11-19,25.940001,26.440001,25.610001,26.09,555500,26.09
2014-11-18,26.23,26.74,25.83,25.879999,450400,25.879999
2014-11-17,26.48,26.799999,26.209999,26.23,384300,26.23
2014-11-14,26.73,26.889999,26.469999,26.530001,465600,26.530001
2014-11-13,27.059999,27.059999,26.530001,26.66,389600,26.66
2014-11-12,26.459999,27.09,26.25,26.99,464600,26.99
2014-11-11,26.43,26.85,26.139999,26.57,543000,26.57
2014-11-10,26.10,26.49,25.950001,26.389999,640800,26.389999
2014-11-07,26.049999,26.15,25.790001,26.139999,748100,26.139999
2014-11-06,25.93,26.110001,25.77,26.030001,796300,26.030001
2014-11-05,26.030001,26.08,25.83,25.870001,503200,25.870001
2014-11-04,25.99,26.379999,25.75,25.90,655400,25.90
2014-11-03,25.76,26.24,25.549999,26.10,1094200,26.10
2014-10-31,26.01,26.120001,25.16,25.690001,1101400,25.690001
2014-10-30,25.299999,25.76,25.24,25.66,863000,25.66
2014-10-29,25.610001,25.870001,25.08,25.309999,1112800,25.309999
2014-10-28,25.57,26.030001,25.40,25.719999,1655400,25.719999
2014-10-27,25.43,25.93,25.370001,25.549999,1434000,25.549999
2014-10-24,25.00,25.969999,25.00,25.49,1557700,25.49
2014-10-23,24.27,25.700001,24.049999,25.08,5679500,25.08
2014-10-22,21.799999,22.00,21.51,21.58,1758000,21.58
2014-10-21,21.799999,21.99,21.280001,21.799999,600100,21.799999
2014-10-20,21.10,21.93,21.01,21.73,1177100,21.73
2014-10-17,21.190001,21.33,20.879999,21.129999,747000,21.129999
2014-10-16,20.459999,21.24,20.459999,20.879999,817000,20.879999
2014-10-15,20.18,20.83,19.73,20.799999,1027900,20.799999
2014-10-14,20.299999,20.67,20.16,20.42,544800,20.42
2014-10-13,20.290001,20.57,20.030001,20.09,377100,20.09
2014-10-10,20.18,20.879999,20.10,20.219999,647700,20.219999
2014-10-09,20.719999,20.90,20.25,20.280001,376800,20.280001
2014-10-08,20.35,20.77,20.18,20.75,412400,20.75
2014-10-07,20.65,20.75,20.299999,20.33,398700,20.33
2014-10-06,20.860001,21.07,20.52,20.719999,1082700,20.719999
2014-10-03,20.709999,20.879999,20.51,20.799999,498800,20.799999
2014-10-02,20.120001,20.719999,20.110001,20.52,657200,20.52
2014-10-01,21.07,21.27,20.040001,20.18,1062700,20.18
2014-09-30,20.93,21.120001,20.67,20.92,1040200,20.92
2014-09-29,20.52,20.93,20.25,20.889999,903500,20.889999
2014-09-26,20.25,20.52,20.25,20.52,525100,20.52
2014-09-25,20.26,20.48,20.059999,20.120001,498100,20.120001
2014-09-24,20.08,20.43,19.870001,20.32,562500,20.32
2014-09-23,19.84,20.370001,19.700001,19.959999,708200,19.959999
2014-09-22,20.83,20.83,19.969999,19.99,1087100,19.99
2014-09-19,21.85,22.00,20.450001,20.91,4821800,20.91
2014-09-18,21.969999,22.00,21.610001,21.809999,893300,21.809999
2014-09-17,21.98,22.26,21.870001,21.91,834100,21.91
2014-09-16,21.57,22.059999,21.43,21.92,650000,21.92
2014-09-15,21.85,22.030001,21.59,21.65,504900,21.65
2014-09-12,22.48,22.540001,21.709999,21.780001,573700,21.780001
2014-09-11,22.17,22.559999,22.17,22.42,716700,22.42
2014-09-10,22.42,22.59,22.16,22.299999,275900,22.299999
2014-09-09,22.459999,22.629999,22.190001,22.41,476200,22.41
2014-09-08,22.280001,22.60,22.09,22.540001,566200,22.540001
2014-09-05,22.219999,22.379999,21.99,22.290001,263400,22.290001
2014-09-04,22.219999,22.58,22.049999,22.27,307500,22.27
2014-09-03,22.440001,22.50,22.139999,22.219999,351900,22.219999
2014-09-02,22.360001,22.459999,22.120001,22.389999,471000,22.389999
2014-08-29,22.16,22.459999,22.01,22.370001,448900,22.370001
2014-08-28,22.33,22.33,22.02,22.139999,340200,22.139999
2014-08-27,22.459999,22.74,22.360001,22.50,490700,22.50
2014-08-26,22.00,22.389999,21.91,22.34,612300,22.34
2014-08-25,22.299999,22.33,21.92,22.09,431900,22.09
2014-08-22,22.16,22.34,22.059999,22.209999,362300,22.209999
2014-08-21,21.99,22.15,21.799999,22.09,423200,22.09
2014-08-20,22.08,22.34,21.90,22.01,894200,22.01
2014-08-19,21.889999,22.18,21.76,22.16,679300,22.16
2014-08-18,21.58,21.870001,21.41,21.870001,447600,21.870001
2014-08-15,21.709999,21.709999,20.959999,21.33,478100,21.33
2014-08-14,21.32,21.52,21.26,21.49,406000,21.49
2014-08-13,21.370001,21.530001,21.299999,21.389999,353300,21.389999
2014-08-12,21.459999,21.620001,21.15,21.360001,396500,21.360001
2014-08-11,21.50,21.889999,21.360001,21.49,729400,21.49
2014-08-08,20.799999,21.15,20.629999,21.07,623300,21.07
2014-08-07,20.77,20.879999,20.65,20.799999,442500,20.799999
2014-08-06,20.49,20.90,20.34,20.700001,330100,20.700001
2014-08-05,20.389999,20.879999,20.389999,20.58,400800,20.58
2014-08-04,20.27,20.58,20.15,20.52,487900,20.52
2014-08-01,20.26,20.42,20.02,20.25,524300,20.25
2014-07-31,20.02,20.379999,19.620001,20.200001,553800,20.200001
2014-07-30,20.42,20.459999,20.200001,20.32,319600,20.32
2014-07-29,20.139999,20.40,20.08,20.290001,465300,20.290001
2014-07-28,20.469999,20.50,20.00,20.139999,337700,20.139999
2014-07-25,20.540001,20.690001,20.450001,20.48,496500,20.48
2014-07-24,20.620001,20.969999,20.530001,20.780001,851100,20.780001
2014-07-23,20.27,20.700001,19.860001,20.58,876600,20.58
2014-07-22,20.40,20.52,20.08,20.32,677800,20.32
2014-07-21,20.40,20.50,20.139999,20.24,486100,20.24
2014-07-18,20.25,20.76,20.190001,20.60,1018000,20.60
2014-07-17,20.76,21.25,20.16,20.559999,4210800,20.559999
2014-07-16,19.25,19.49,18.75,18.98,2614100,18.98
2014-07-15,19.93,19.99,19.16,19.200001,1365400,19.200001
2014-07-14,19.940001,20.059999,19.799999,19.83,522200,19.83
2014-07-11,19.76,20.040001,19.629999,19.790001,501700,19.790001
2014-07-10,19.450001,20.030001,19.209999,19.85,481900,19.85
2014-07-09,20.26,20.469999,19.959999,20.01,552900,20.01
2014-07-08,20.68,21.00,20.16,20.280001,577000,20.280001
2014-07-07,20.940001,21.00,20.57,20.77,280900,20.77
2014-07-03,20.709999,21.15,20.58,21.049999,218700,21.049999
2014-07-02,20.73,21.030001,20.639999,20.700001,221200,20.700001
2014-07-01,20.74,21.18,20.700001,20.77,598400,20.77
2014-06-30,20.32,20.76,20.16,20.66,475300,20.66
2014-06-27,19.870001,20.360001,19.809999,20.309999,896700,20.309999
2014-06-26,20.23,20.379999,19.940001,20.01,287100,20.01
2014-06-25,19.870001,20.35,19.809999,20.32,286300,20.32
2014-06-24,19.860001,20.290001,19.82,19.90,328400,19.90
2014-06-23,19.90,20.049999,19.73,19.92,344500,19.92
2014-06-20,20.00,20.10,19.66,19.84,752300,19.84
2014-06-19,19.879999,20.049999,19.809999,19.969999,219900,19.969999
2014-06-18,19.549999,19.90,19.549999,19.83,340900,19.83
2014-06-17,19.49,19.719999,19.360001,19.629999,259600,19.629999
2014-06-16,19.35,19.60,19.139999,19.57,340000,19.57
2014-06-13,19.34,19.48,19.00,19.389999,251500,19.389999
2014-06-12,19.549999,19.610001,19.219999,19.25,258200,19.25
2014-06-11,19.25,19.60,19.190001,19.540001,202300,19.540001
2014-06-10,19.66,19.66,19.200001,19.35,356500,19.35
2014-06-09,19.85,20.10,19.68,19.709999,303200,19.709999
2014-06-06,19.540001,19.90,19.49,19.879999,279300,19.879999
2014-06-05,19.40,19.67,18.90,19.40,370900,19.40
2014-06-04,18.58,19.40,18.50,19.35,503900,19.35
2014-06-03,18.540001,18.82,18.50,18.719999,611500,18.719999
2014-06-02,18.59,18.700001,18.440001,18.610001,399700,18.610001
2014-05-30,18.629999,18.889999,18.48,18.540001,445700,18.540001
2014-05-29,19.00,19.040001,18.57,18.610001,385400,18.610001
2014-05-28,19.629999,19.629999,18.889999,18.940001,390300,18.940001
2014-05-27,19.370001,19.75,19.360001,19.57,363400,19.57
2014-05-23,18.67,19.33,18.540001,19.26,547300,19.26
2014-05-22,18.610001,18.84,18.59,18.68,251600,18.68
2014-05-21,18.57,18.799999,18.450001,18.51,333400,18.51
2014-05-20,18.84,18.84,18.459999,18.51,389100,18.51
2014-05-19,18.84,18.969999,18.65,18.879999,196800,18.879999
2014-05-16,18.620001,18.91,18.49,18.91,358600,18.91
2014-05-15,18.50,18.66,18.209999,18.52,449900,18.52
2014-05-14,18.719999,18.83,18.459999,18.50,453200,18.50
2014-05-13,19.08,19.23,18.709999,18.75,414700,18.75
2014-05-12,18.75,19.18,18.52,19.07,483800,19.07
2014-05-09,18.50,18.799999,18.40,18.67,467700,18.67
2014-05-08,18.629999,19.09,18.48,18.50,301300,18.50
2014-05-07,18.60,18.67,18.41,18.629999,353500,18.629999
2014-05-06,18.73,18.83,18.43,18.530001,476100,18.530001
2014-05-05,18.77,19.09,18.50,18.76,378700,18.76
2014-05-02,18.719999,19.290001,18.719999,18.969999,417700,18.969999
2014-05-01,18.450001,18.889999,18.35,18.66,465400,18.66
2014-04-30,18.42,18.450001,18.10,18.40,507600,18.40
2014-04-29,18.65,18.85,18.440001,18.48,325200,18.48
2014-04-28,18.559999,18.719999,18.00,18.629999,683700,18.629999
2014-04-25,18.950001,18.950001,18.379999,18.459999,599400,18.459999
2014-04-24,18.90,19.139999,18.469999,19.030001,593500,19.030001
2014-04-23,19.290001,19.610001,18.77,18.809999,1000600,18.809999
2014-04-22,20.129999,20.129999,19.16,19.290001,1373500,19.290001
2014-04-21,18.040001,20.18,18.040001,19.58,3169900,19.58
2014-04-17,17.889999,18.00,17.629999,17.75,956700,17.75
2014-04-16,17.85,18.049999,17.75,17.860001,739900,17.860001
2014-04-15,17.66,17.889999,17.16,17.75,988700,17.75
2014-04-14,17.280001,17.959999,17.27,17.65,878500,17.65
2014-04-11,16.98,17.309999,16.790001,17.120001,425900,17.120001
2014-04-10,17.73,17.870001,17.07,17.17,536600,17.17
2014-04-09,17.700001,17.889999,17.459999,17.83,258700,17.83
2014-04-08,17.379999,17.76,17.33,17.629999,514600,17.629999
2014-04-07,18.049999,18.209999,17.309999,17.360001,442300,17.360001
2014-04-04,18.370001,18.60,18.040001,18.10,565300,18.10
2014-04-03,18.450001,18.49,18.18,18.33,427700,18.33
2014-04-02,18.08,18.450001,18.030001,18.40,548500,18.40
2014-04-01,18.09,18.129999,17.92,18.10,522000,18.10
2014-03-31,17.84,18.280001,17.74,18.08,665900,18.08
2014-03-28,17.15,17.790001,17.15,17.77,655200,17.77
2014-03-27,17.459999,17.639999,17.10,17.18,520700,17.18
2014-03-26,17.889999,18.08,17.459999,17.50,1083600,17.50
2014-03-25,17.60,17.90,17.25,17.780001,841600,17.780001
2014-03-24,17.440001,17.67,17.00,17.450001,1043000,17.450001
2014-03-21,17.030001,17.700001,17.030001,17.41,7171900,17.41
2014-03-20,17.07,17.24,16.75,17.01,745800,17.01
2014-03-19,16.91,17.309999,16.809999,17.08,849400,17.08
2014-03-18,17.08,17.33,16.91,17.059999,675500,17.059999
2014-03-17,17.09,17.35,16.700001,17.040001,1042900,17.040001
2014-03-14,16.51,17.110001,16.51,17.030001,1002800,17.030001
2014-03-13,17.450001,17.60,16.610001,16.610001,1194800,16.610001
2014-03-12,17.379999,17.67,17.18,17.42,744000,17.42
2014-03-11,17.83,17.940001,17.389999,17.48,600000,17.48
2014-03-10,17.93,18.110001,17.68,17.790001,540200,17.790001
2014-03-07,18.59,18.66,17.950001,18.01,527600,18.01
2014-03-06,18.32,18.540001,18.200001,18.459999,515300,18.459999
2014-03-05,18.09,18.40,18.09,18.299999,683800,18.299999
2014-03-04,18.18,18.360001,17.860001,18.18,799200,18.18
2014-03-03,17.860001,18.049999,17.65,18.01,510500,18.01
2014-02-28,18.10,18.200001,17.84,18.059999,852600,18.059999
2014-02-27,18.459999,18.610001,17.99,18.08,719300,18.08
2014-02-26,17.780001,18.620001,17.66,18.51,1646600,18.51
2014-02-25,17.790001,18.01,17.67,17.74,757000,17.74
2014-02-24,17.85,18.040001,17.65,17.83,800600,17.83
2014-02-21,17.57,17.90,17.360001,17.809999,1036800,17.809999
2014-02-20,17.459999,17.719999,17.290001,17.549999,1066400,17.549999
2014-02-19,17.42,17.75,17.280001,17.459999,668400,17.459999
2014-02-18,17.76,17.959999,17.25,17.65,726000,17.65
2014-02-14,17.370001,17.719999,17.16,17.610001,1014700,17.610001
2014-02-13,16.959999,17.50,16.90,17.280001,685400,17.280001
2014-02-12,16.959999,17.280001,16.91,17.07,660400,17.07
2014-02-11,16.92,17.08,16.73,16.889999,621900,16.889999
2014-02-10,16.57,17.10,16.57,16.940001,1031900,16.940001
2014-02-07,16.530001,16.93,16.530001,16.65,1296400,16.65
2014-02-06,15.75,16.65,15.75,16.52,2636000,16.52
2014-02-05,15.86,16.049999,15.31,15.67,1524200,15.67
2014-02-04,15.80,16.07,15.65,15.85,1005700,15.85
2014-02-03,16.379999,16.549999,15.55,15.76,1134700,15.76
2014-01-31,16.190001,16.50,16.10,16.370001,729000,16.370001
2014-01-30,16.559999,16.74,16.34,16.43,787200,16.43
2014-01-29,16.58,16.77,16.27,16.379999,1121500,16.379999
2014-01-28,16.65,17.120001,16.57,16.75,899600,16.75
2014-01-27,16.74,16.950001,16.309999,16.67,1275500,16.67
2014-01-24,17.07,17.16,16.559999,16.75,2068300,16.75
2014-01-23,17.18,17.379999,17.01,17.16,842300,17.16
2014-01-22,16.98,17.35,16.809999,17.190001,1245400,17.190001
2014-01-21,16.85,17.25,16.75,16.91,1459700,16.91
2014-01-17,16.65,16.73,16.299999,16.34,1066200,16.34
2014-01-16,16.60,16.719999,16.370001,16.690001,1275800,16.690001
2014-01-15,16.799999,16.93,16.459999,16.639999,1358000,16.639999
2014-01-14,16.860001,17.00,16.690001,16.780001,854800,16.780001
2014-01-13,17.41,17.450001,16.709999,16.790001,2053900,16.790001
2014-01-10,17.219999,17.58,17.209999,17.51,834000,17.51
2014-01-09,17.870001,17.98,17.219999,17.23,1518300,17.23
2014-01-08,17.360001,18.00,17.139999,17.90,2707300,17.90
2014-01-07,17.17,18.25,17.17,18.040001,3747600,18.040001
2014-01-06,17.950001,17.98,16.879999,17.280001,7146300,17.280001
2014-01-03,21.18,21.450001,21.049999,21.35,457600,21.35
2014-01-02,21.08,21.23,20.809999,21.18,657600,21.18
2013-12-31,21.709999,21.879999,21.08,21.09,672000,21.09
2013-12-30,21.309999,21.75,21.200001,21.65,408300,21.65
2013-12-27,21.530001,21.790001,21.139999,21.219999,399300,21.219999
2013-12-26,21.540001,21.85,21.389999,21.66,620200,21.66
2013-12-24,21.84,21.92,21.379999,21.51,285200,21.51
2013-12-23,20.98,21.93,20.67,21.780001,1081100,21.780001
2013-12-20,21.120001,21.360001,20.84,20.91,2194700,20.91
2013-12-19,21.190001,21.299999,20.98,21.049999,500400,21.049999
2013-12-18,20.620001,21.360001,20.58,21.27,750400,21.27
2013-12-17,20.440001,20.83,20.26,20.549999,516600,20.549999
2013-12-16,20.18,20.709999,19.90,20.48,660800,20.48
2013-12-13,20.030001,20.360001,19.690001,19.98,444000,19.98
2013-12-12,20.01,20.200001,19.84,19.99,519000,19.99
2013-12-11,20.889999,20.93,20.02,20.049999,560200,20.049999
2013-12-10,20.950001,21.129999,20.799999,20.879999,678000,20.879999
2013-12-09,20.76,21.049999,20.75,20.98,650800,20.98
2013-12-06,20.90,21.01,20.50,20.719999,525500,20.719999
2013-12-05,20.51,21.17,20.48,20.77,1005000,20.77
2013-12-04,20.34,20.559999,19.91,20.35,804700,20.35
2013-12-03,20.709999,20.92,20.309999,20.370001,1046900,20.370001
2013-12-02,21.129999,21.15,20.709999,20.799999,744700,20.799999
2013-11-29,21.049999,21.389999,20.98,21.110001,369700,21.110001
2013-11-27,21.07,21.110001,20.48,21.01,822400,21.01
2013-11-26,20.629999,21.08,20.549999,21.00,1577700,21.00
2013-11-25,20.66,20.77,20.389999,20.559999,565100,20.559999
2013-11-22,20.299999,20.700001,20.219999,20.65,853400,20.65
2013-11-21,19.91,20.450001,19.83,20.35,1378500,20.35
2013-11-20,19.780001,20.370001,19.66,19.860001,981700,19.860001
2013-11-19,19.93,20.209999,19.52,19.66,964000,19.66
2013-11-18,20.18,20.709999,19.74,19.879999,1017100,19.879999
2013-11-15,20.27,20.43,19.889999,20.139999,1012400,20.139999
2013-11-14,20.25,20.40,19.93,20.27,850600,20.27
2013-11-13,20.07,20.75,20.00,20.280001,1113700,20.280001
2013-11-12,19.02,20.27,19.02,20.17,1660200,20.17
2013-11-11,19.049999,19.33,18.879999,19.01,676200,19.01
2013-11-08,18.43,19.030001,18.32,19.02,807900,19.02
2013-11-07,18.98,19.379999,18.35,18.43,1317100,18.43
2013-11-06,18.82,18.82,18.309999,18.450001,543600,18.450001
2013-11-05,18.73,18.92,18.450001,18.75,631000,18.75
2013-11-04,18.57,19.00,18.450001,18.780001,999000,18.780001
2013-11-01,18.290001,18.65,18.02,18.450001,821200,18.450001
2013-10-31,18.709999,18.73,18.280001,18.32,521000,18.32
2013-10-30,18.34,18.99,18.15,18.74,1041500,18.74
2013-10-29,18.629999,18.84,18.190001,18.370001,1043800,18.370001
2013-10-28,18.76,18.790001,18.299999,18.530001,1012200,18.530001
2013-10-25,19.10,19.129999,18.709999,18.790001,1322000,18.790001
2013-10-24,18.99,19.040001,18.74,19.00,826400,19.00
2013-10-23,18.280001,19.049999,18.200001,18.950001,1368800,18.950001
2013-10-22,18.08,18.459999,17.74,18.41,2606000,18.41
2013-10-21,18.559999,18.629999,18.02,18.040001,1877700,18.040001
2013-10-18,18.99,19.02,18.48,18.60,3605700,18.60
2013-10-17,18.32,19.190001,17.700001,18.99,14029200,18.99
2013-10-16,24.799999,24.92,24.00,24.200001,5593700,24.200001
2013-10-15,25.60,25.700001,24.15,24.690001,2353100,24.690001
2013-10-14,25.75,25.93,25.25,25.75,1469800,25.75
2013-10-11,25.549999,26.08,25.07,26.02,1022500,26.02
2013-10-10,26.35,26.469999,25.26,25.73,1284400,25.73
2013-10-09,25.639999,26.34,25.219999,25.91,1928300,25.91
2013-10-08,25.57,26.00,25.280001,25.49,1396500,25.49
2013-10-07,25.290001,25.75,25.00,25.549999,1059200,25.549999
2013-10-04,25.25,25.90,25.030001,25.57,1120500,25.57
2013-10-03,24.92,25.190001,24.57,25.17,782600,25.17
2013-10-02,24.790001,25.120001,24.440001,25.040001,734100,25.040001
2013-10-01,24.379999,25.18,24.33,24.98,972700,24.98
2013-09-30,24.26,24.530001,24.00,24.35,1554200,24.35
2013-09-27,24.530001,24.93,24.00,24.469999,831700,24.469999
2013-09-26,24.92,25.299999,24.540001,24.76,638400,24.76
2013-09-25,24.58,25.24,24.24,24.77,713100,24.77
2013-09-24,24.379999,25.040001,24.07,24.620001,1207200,24.620001
2013-09-23,24.879999,24.879999,23.99,24.43,718400,24.43
2013-09-20,24.780001,25.709999,24.77,24.879999,2150400,24.879999
2013-09-19,25.290001,25.85,24.440001,24.66,1076100,24.66
2013-09-18,24.120001,25.57,23.870001,25.27,1593200,25.27
2013-09-17,24.09,24.23,23.91,24.08,1785900,24.08
2013-09-16,24.77,25.049999,24.030001,24.120001,788100,24.120001
2013-09-13,24.129999,24.48,23.809999,24.440001,724300,24.440001
2013-09-12,24.40,24.700001,23.98,24.040001,524000,24.040001
2013-09-11,24.639999,24.799999,24.129999,24.379999,781300,24.379999
2013-09-10,24.790001,25.049999,24.450001,24.639999,824000,24.639999
2013-09-09,24.60,25.40,24.41,24.719999,1049400,24.719999
2013-09-06,24.75,25.17,23.879999,24.43,2380000,24.43
2013-09-05,25.60,25.870001,25.280001,25.65,814400,25.65
2013-09-04,24.74,25.709999,24.620001,25.65,2079400,25.65
2013-09-03,25.02,25.18,24.190001,24.629999,897300,24.629999
2013-08-30,24.91,25.59,24.58,24.700001,1231200,24.700001
2013-08-29,24.139999,24.60,23.969999,23.98,871100,23.98
2013-08-28,23.66,24.57,23.60,24.27,1116900,24.27
2013-08-27,23.620001,24.26,23.459999,23.73,1361000,23.73
2013-08-26,23.15,23.57,23.00,23.23,550200,23.23
2013-08-23,22.75,23.35,22.540001,23.139999,1096700,23.139999
2013-08-22,21.90,22.540001,21.67,22.450001,582900,22.450001
2013-08-21,21.92,22.280001,20.48,21.77,637300,21.77
2013-08-20,21.08,22.02,20.92,21.950001,908500,21.950001
2013-08-19,21.60,21.610001,21.00,21.01,835500,21.01
2013-08-16,21.870001,22.02,21.620001,21.709999,818200,21.709999
2013-08-15,22.17,22.620001,21.73,21.99,949500,21.99
2013-08-14,23.030001,23.200001,22.48,22.49,668400,22.49
2013-08-13,22.73,23.139999,22.52,23.10,926700,23.10
2013-08-12,21.959999,22.75,21.950001,22.66,717800,22.66
2013-08-09,22.200001,22.33,21.76,22.110001,501100,22.110001
2013-08-08,22.040001,22.25,21.67,22.190001,1109400,22.190001
2013-08-07,22.049999,22.25,21.610001,21.82,1072900,21.82
2013-08-06,22.50,22.50,21.879999,22.18,888000,22.18
2013-08-05,22.620001,22.860001,22.450001,22.50,769600,22.50
2013-08-02,22.790001,23.00,22.57,22.709999,753500,22.709999
2013-08-01,23.139999,23.52,22.74,22.83,1091100,22.83
2013-07-31,22.49,23.209999,22.389999,22.85,975500,22.85
2013-07-30,22.309999,22.629999,22.049999,22.57,884600,22.57
2013-07-29,22.60,22.879999,22.200001,22.27,1983900,22.27
2013-07-26,22.190001,22.469999,21.82,22.35,1720300,22.35
2013-07-25,22.440001,22.68,22.299999,22.629999,1143600,22.629999
2013-07-24,23.639999,23.68,22.530001,22.549999,1422400,22.549999
2013-07-23,24.09,24.09,23.48,23.629999,917300,23.629999
2013-07-22,23.85,24.15,23.690001,23.92,1251200,23.92
2013-07-19,23.969999,24.25,23.780001,24.030001,1028500,24.030001
2013-07-18,24.700001,25.65,23.90,24.030001,5418100,24.030001
2013-07-17,27.059999,27.120001,26.17,26.559999,2732500,26.559999
2013-07-16,27.24,27.49,26.73,27.01,1087900,27.01
2013-07-15,27.59,27.82,27.17,27.33,895500,27.33
2013-07-12,27.26,27.84,27.059999,27.549999,839200,27.549999
2013-07-11,27.18,27.73,26.700001,27.41,1915900,27.41
2013-07-10,26.17,27.02,25.91,26.50,1348700,26.50
2013-07-09,25.83,26.280001,25.75,26.25,1786600,26.25
2013-07-08,25.59,26.07,25.459999,25.700001,998600,25.700001
2013-07-05,25.790001,25.860001,25.00,25.459999,829200,25.459999
2013-07-03,25.200001,25.41,25.01,25.32,466000,25.32
2013-07-02,25.940001,26.200001,25.190001,25.309999,1189800,25.309999
2013-07-01,25.15,26.309999,25.15,25.870001,931200,25.870001
2013-06-28,24.879999,25.389999,24.559999,25.059999,1277400,25.059999
2013-06-27,24.65,25.110001,24.26,25.02,825200,25.02
2013-06-26,23.809999,24.67,23.719999,24.51,1093100,24.51
2013-06-25,23.85,24.10,23.32,23.51,1079500,23.51
2013-06-24,23.440001,23.940001,22.780001,23.610001,998500,23.610001
2013-06-21,24.52,24.82,23.49,23.780001,4318300,23.780001
2013-06-20,25.389999,25.620001,24.190001,24.42,1677700,24.42
2013-06-19,25.77,26.42,25.540001,25.709999,1307500,25.709999
2013-06-18,25.48,25.92,25.110001,25.799999,1053200,25.799999
2013-06-17,24.40,25.559999,24.18,25.35,1656400,25.35
2013-06-14,24.309999,24.879999,24.07,24.450001,1079200,24.450001
2013-06-13,23.52,24.610001,23.42,24.43,1212500,24.43
2013-06-12,22.65,24.200001,22.52,23.450001,1611200,23.450001
2013-06-11,22.52,22.969999,22.23,22.41,1028800,22.41
2013-06-10,22.370001,22.809999,22.059999,22.76,814800,22.76
2013-06-07,21.790001,22.24,21.370001,22.200001,850300,22.200001
2013-06-06,21.58,21.93,21.15,21.57,796400,21.57
2013-06-05,21.709999,22.540001,21.360001,21.51,820300,21.51
2013-06-04,22.049999,22.459999,21.41,21.65,672700,21.65
2013-06-03,22.299999,22.440001,21.57,22.09,1068800,22.09
2013-05-31,21.879999,22.370001,21.870001,22.190001,853700,22.190001
2013-05-30,22.110001,22.530001,21.870001,21.92,973400,21.92
2013-05-29,22.389999,22.58,21.870001,22.09,765900,22.09
2013-05-28,21.559999,22.68,21.559999,22.48,1379000,22.48
2013-05-24,20.620001,20.950001,20.51,20.91,554100,20.91
2013-05-23,20.77,20.959999,20.33,20.83,1231100,20.83
2013-05-22,22.139999,22.440001,20.639999,21.00,1590600,21.00
2013-05-21,22.030001,22.27,21.540001,22.01,850600,22.01
2013-05-20,22.120001,22.35,21.99,22.00,436900,22.00
2013-05-17,21.82,22.15,21.690001,22.129999,997600,22.129999
2013-05-16,22.24,22.35,21.60,21.610001,1052100,21.610001
2013-05-15,22.459999,22.83,22.379999,22.389999,1293100,22.389999
2013-05-14,22.40,22.690001,22.33,22.48,688300,22.48
2013-05-13,22.77,22.879999,22.33,22.43,960000,22.43
2013-05-10,21.42,22.90,21.24,22.76,1560200,22.76
2013-05-09,21.280001,21.74,21.200001,21.42,605700,21.42
2013-05-08,21.440001,21.620001,21.23,21.379999,627100,21.379999
2013-05-07,21.309999,21.450001,20.93,21.440001,1364900,21.440001
2013-05-06,21.00,21.48,20.950001,21.379999,728000,21.379999
2013-05-03,21.18,21.67,20.93,21.02,739900,21.02
2013-05-02,20.65,21.200001,20.60,20.93,979500,20.93
2013-05-01,21.09,21.25,20.719999,20.74,1950200,20.74
2013-04-30,21.23,21.42,20.969999,21.219999,1104300,21.219999
2013-04-29,21.030001,21.459999,20.809999,21.34,621300,21.34
2013-04-26,20.84,21.049999,20.629999,21.00,923700,21.00
2013-04-25,20.450001,21.00,20.450001,20.91,1387400,20.91
2013-04-24,20.02,20.51,19.84,20.379999,1683900,20.379999
2013-04-23,19.34,19.98,19.190001,19.969999,1715700,19.969999
2013-04-22,18.790001,19.27,18.620001,19.190001,1431300,19.190001
2013-04-19,17.99,18.91,17.799999,18.75,1732800,18.75
2013-04-18,17.450001,19.10,16.74,17.90,5237300,17.90
2013-04-17,17.809999,18.26,17.02,17.559999,2292500,17.559999
2013-04-16,17.870001,18.120001,17.219999,17.940001,1444400,17.940001
2013-04-15,18.40,18.57,17.50,17.75,879600,17.75
2013-04-12,18.74,18.92,18.35,18.49,937000,18.49
2013-04-11,18.43,19.129999,18.299999,18.82,863800,18.82
2013-04-10,17.969999,18.440001,17.50,18.34,1648100,18.34
2013-04-09,18.75,18.75,17.92,17.950001,1061400,17.950001
2013-04-08,18.49,18.77,18.219999,18.73,706900,18.73
2013-04-05,18.389999,18.549999,18.059999,18.50,791600,18.50
2013-04-04,18.469999,18.690001,18.15,18.610001,816200,18.610001
2013-04-03,19.01,19.27,18.23,18.43,1059700,18.43
2013-04-02,19.40,19.639999,19.01,19.07,677900,19.07
2013-04-01,19.68,20.23,19.24,19.27,828600,19.27
2013-03-28,20.360001,20.41,19.549999,19.77,904500,19.77
2013-03-27,19.07,20.450001,19.00,20.41,1441000,20.41
2013-03-26,19.10,19.10,18.860001,19.00,730800,19.00
2013-03-25,18.959999,19.129999,18.629999,19.02,1081600,19.02
2013-03-22,18.85,19.17,18.59,19.08,860800,19.08
2013-03-21,19.09,19.290001,18.469999,18.809999,1354700,18.809999
2013-03-20,19.809999,20.059999,18.90,19.23,1403100,19.23
2013-03-19,19.82,19.98,19.49,19.799999,1098300,19.799999
2013-03-18,19.469999,19.870001,19.27,19.799999,978400,19.799999
2013-03-15,19.32,19.74,19.10,19.67,4738000,19.67
2013-03-14,19.059999,19.549999,18.82,19.309999,1489000,19.309999
2013-03-13,18.809999,19.10,18.690001,19.030001,1117800,19.030001
2013-03-12,18.610001,18.99,18.41,18.84,1058300,18.84
2013-03-11,18.15,18.76,17.77,18.690001,1496200,18.690001
2013-03-08,17.68,18.32,17.639999,18.15,1452600,18.15
2013-03-07,17.129999,17.549999,16.85,17.370001,1687100,17.370001
2013-03-06,17.18,17.27,17.01,17.16,1735000,17.16
2013-03-05,17.389999,17.40,17.07,17.18,2405900,17.18
2013-03-04,18.25,18.299999,16.620001,17.280001,8298500,17.280001
2013-03-01,20.459999,20.700001,20.02,20.51,980600,20.51
2013-02-28,20.75,20.75,20.49,20.52,916800,20.52
2013-02-27,20.389999,21.02,20.389999,20.790001,2465300,20.790001
2013-02-26,20.209999,20.809999,19.91,20.450001,1211200,20.450001
2013-02-25,20.549999,20.85,20.059999,20.10,1246700,20.10
2013-02-22,20.41,20.67,20.129999,20.48,819000,20.48
2013-02-21,20.209999,20.59,19.950001,20.360001,1387200,20.360001
2013-02-20,21.23,21.610001,20.25,20.26,1171900,20.26
2013-02-19,21.290001,21.389999,20.90,21.15,976100,21.15
2013-02-15,21.469999,21.870001,21.209999,21.280001,747500,21.280001
2013-02-14,21.620001,21.74,21.00,21.280001,1158500,21.280001
2013-02-13,22.16,22.40,21.610001,21.75,798300,21.75
2013-02-12,22.26,22.450001,22.07,22.190001,929100,22.190001
2013-02-11,22.299999,22.40,22.059999,22.18,812300,22.18
2013-02-08,22.23,22.41,21.99,22.26,726600,22.26
2013-02-07,22.440001,22.51,21.75,22.120001,1008400,22.120001
2013-02-06,22.299999,22.68,22.18,22.48,1331700,22.48
2013-02-05,22.709999,22.83,22.41,22.49,1385800,22.49
2013-02-04,22.50,23.10,22.50,22.65,1518300,22.65
2013-02-01,22.190001,22.76,21.959999,22.66,1473200,22.66
2013-01-31,21.50,22.15,21.370001,22.02,1271000,22.02
2013-01-30,21.77,22.24,21.299999,21.42,2524700,21.42
2013-01-29,22.870001,22.91,21.98,22.209999,1775600,22.209999
2013-01-28,23.17,23.440001,22.709999,22.950001,2256900,22.950001
2013-01-25,23.49,24.00,22.57,23.16,10881900,23.16
2013-01-24,27.35,28.940001,27.09,28.200001,2521300,28.200001
2013-01-23,28.190001,28.209999,27.02,27.209999,922000,27.209999
2013-01-22,27.719999,28.34,27.629999,28.219999,1010700,28.219999
2013-01-18,27.799999,28.00,27.48,27.77,409100,27.77
2013-01-17,27.620001,28.00,27.440001,27.77,1109400,27.77
2013-01-16,27.75,27.790001,27.32,27.60,630500,27.60
2013-01-15,26.530001,27.790001,26.50,27.77,1034400,27.77
2013-01-14,27.24,27.42,26.629999,26.780001,549200,26.780001
2013-01-11,27.40,27.450001,27.00,27.33,376100,27.33
2013-01-10,27.309999,27.440001,27.059999,27.33,299500,27.33
2013-01-09,26.860001,27.450001,26.799999,27.18,485000,27.18
2013-01-08,26.85,26.950001,26.530001,26.82,659800,26.82
2013-01-07,26.92,27.15,26.559999,26.75,444400,26.75
2013-01-04,27.10,27.51,27.00,27.129999,599800,27.129999
2013-01-03,27.07,27.82,26.780001,26.91,516800,26.91
2013-01-02,27.02,27.620001,26.76,26.959999,1259400,26.959999
2012-12-31,24.370001,26.23,24.23,26.17,793300,26.17
2012-12-28,24.49,24.780001,24.110001,24.51,661000,24.51
2012-12-27,24.76,25.110001,24.23,24.639999,495800,24.639999
2012-12-26,25.42,25.52,24.620001,24.68,597900,24.68
2012-12-24,25.74,26.01,25.389999,25.389999,346100,25.389999
2012-12-21,25.360001,26.110001,25.040001,25.790001,2760500,25.790001
2012-12-20,25.73,25.870001,25.49,25.709999,640500,25.709999
2012-12-19,25.700001,25.83,25.32,25.74,820200,25.74
2012-12-18,25.15,25.950001,25.110001,25.719999,924500,25.719999
2012-12-17,24.540001,25.110001,24.440001,25.059999,839000,25.059999
2012-12-14,24.540001,24.84,24.35,24.48,473300,24.48
2012-12-13,24.75,25.25,24.440001,24.620001,592700,24.620001
2012-12-12,25.40,25.60,24.450001,24.799999,1292400,24.799999
2012-12-11,25.389999,25.75,25.15,25.23,518600,25.23
2012-12-10,25.09,25.51,24.93,25.129999,739700,25.129999
2012-12-07,25.27,25.629999,25.08,25.15,1088700,25.15
2012-12-06,25.00,25.379999,24.50,25.08,554900,25.08
2012-12-05,25.790001,26.00,23.799999,25.00,3411900,25.00
2012-12-04,26.389999,27.68,26.389999,27.67,1149300,27.67
2012-12-03,26.99,27.190001,26.139999,26.290001,811300,26.290001
2012-11-30,26.940001,26.940001,26.27,26.780001,740000,26.780001
2012-11-29,27.17,27.540001,26.620001,26.85,538800,26.85
2012-11-28,26.50,27.120001,26.209999,27.10,712500,27.10
2012-11-27,26.49,27.059999,26.290001,26.690001,709100,26.690001
2012-11-26,25.98,26.68,25.870001,26.559999,635000,26.559999
2012-11-23,25.57,26.610001,25.370001,26.030001,263900,26.030001
2012-11-21,25.59,26.110001,25.280001,25.370001,641300,25.370001
2012-11-20,25.35,25.60,25.030001,25.549999,631100,25.549999
2012-11-19,25.60,26.469999,25.10,25.41,888200,25.41
2012-11-16,25.32,25.809999,25.040001,25.450001,813500,25.450001
2012-11-15,25.07,25.35,24.65,25.290001,1156400,25.290001
2012-11-14,26.120001,26.190001,24.559999,24.77,960100,24.77
2012-11-13,26.129999,26.67,25.90,25.93,677800,25.93
2012-11-12,26.780001,27.18,26.209999,26.280001,546600,26.280001
2012-11-09,26.530001,27.059999,26.040001,26.66,767100,26.66
2012-11-08,27.860001,27.99,26.43,26.66,1147800,26.66
2012-11-07,27.690001,28.24,27.559999,27.91,766600,27.91
2012-11-06,28.10,28.559999,27.959999,28.110001,553500,28.110001
2012-11-05,27.870001,28.32,27.549999,28.10,493400,28.10
2012-11-02,28.42,28.57,27.950001,27.959999,661800,27.959999
2012-11-01,27.16,28.49,27.16,28.370001,693700,28.370001
2012-10-31,27.25,27.84,26.75,27.83,971700,27.83
2012-10-26,27.75,28.280001,26.280001,27.309999,1381000,27.309999
2012-10-25,28.07,28.35,27.42,27.83,736000,27.83
2012-10-24,28.33,28.60,27.08,27.790001,2603900,27.790001
2012-10-23,29.48,29.530001,28.41,28.870001,1123000,28.870001
2012-10-22,30.83,30.83,29.690001,29.75,721400,29.75
2012-10-19,30.379999,31.200001,30.309999,30.73,1851300,30.73
2012-10-18,30.00,30.73,29.00,30.50,4592400,30.50
2012-10-17,32.32,32.84,31.959999,32.630001,1266100,32.630001
2012-10-16,32.27,32.549999,31.940001,32.200001,879300,32.200001
2012-10-15,32.18,32.349998,31.790001,32.119999,811300,32.119999
2012-10-12,32.18,32.470001,31.51,31.84,501900,31.84
2012-10-11,32.110001,32.709999,31.780001,32.209999,449500,32.209999
2012-10-10,32.07,32.459999,31.549999,31.76,732500,31.76
2012-10-09,33.099998,33.50,32.209999,32.310001,672500,32.310001
2012-10-08,33.240002,33.900002,32.84,33.16,788200,33.16
2012-10-05,32.68,33.619999,32.580002,33.119999,654400,33.119999
2012-10-04,32.200001,32.650002,31.68,32.50,454400,32.50
2012-10-03,31.48,32.209999,31.459999,31.90,566400,31.90
2012-10-02,30.98,31.549999,30.84,31.34,758800,31.34
2012-10-01,31.75,32.139999,30.82,30.950001,650400,30.950001
2012-09-28,31.040001,31.68,30.41,31.530001,739400,31.530001
2012-09-27,31.32,31.700001,29.92,31.23,1185900,31.23
2012-09-26,31.66,31.809999,29.870001,30.43,1354200,30.43
2012-09-25,32.52,33.080002,31.360001,31.51,565600,31.51
2012-09-24,33.150002,33.459999,32.00,32.299999,792000,32.299999
2012-09-21,33.84,33.900002,32.950001,33.360001,1253400,33.360001
2012-09-20,32.91,33.32,32.060001,33.220001,605900,33.220001
2012-09-19,32.75,33.580002,32.580002,33.150002,853200,33.150002
2012-09-18,32.900002,33.00,31.52,32.32,973900,32.32
2012-09-17,33.98,34.00,32.50,32.98,898100,32.98
2012-09-14,33.139999,34.380001,33.060001,33.580002,1042400,33.580002
2012-09-13,32.43,33.16,31.85,32.939999,637100,32.939999
2012-09-12,31.790001,32.360001,31.58,32.349998,493100,32.349998
2012-09-11,31.139999,31.799999,30.91,31.59,425100,31.59
2012-09-10,31.299999,31.360001,30.799999,31.01,412300,31.01
2012-09-07,30.629999,31.48,30.610001,31.309999,626800,31.309999
2012-09-06,29.83,31.42,29.639999,31.27,1093600,31.27
2012-09-05,29.09,29.629999,28.84,29.60,454800,29.60
2012-09-04,28.57,29.379999,28.280001,29.23,444600,29.23
2012-08-31,29.030001,29.09,28.26,28.57,596000,28.57
2012-08-30,28.940001,29.139999,28.66,28.700001,243100,28.700001
2012-08-29,28.73,29.299999,28.50,29.07,265900,29.07
2012-08-28,28.620001,28.889999,28.360001,28.799999,828200,28.799999
2012-08-27,28.42,28.91,28.08,28.700001,704100,28.700001
2012-08-24,28.42,28.52,27.959999,28.23,685400,28.23
2012-08-23,28.969999,29.35,28.27,28.530001,699400,28.530001
2012-08-22,29.09,29.120001,28.52,28.950001,569700,28.950001
2012-08-21,29.309999,29.43,28.809999,29.129999,498000,29.129999
2012-08-20,29.719999,29.719999,28.84,29.139999,624500,29.139999
2012-08-17,28.91,29.92,28.67,29.809999,686100,29.809999
2012-08-16,28.440001,29.25,28.139999,28.98,480000,28.98
2012-08-15,28.110001,28.549999,27.959999,28.459999,399500,28.459999
2012-08-14,27.93,28.85,27.809999,28.40,774600,28.40
2012-08-13,27.629999,27.83,27.139999,27.43,384300,27.43
2012-08-10,27.91,28.059999,27.35,27.620001,330600,27.620001
2012-08-09,28.16,28.620001,27.709999,28.17,615700,28.17
2012-08-08,28.309999,28.90,28.049999,28.290001,609800,28.290001
2012-08-07,27.93,29.08,27.93,28.48,1318000,28.48
2012-08-06,26.84,28.120001,26.780001,27.82,1387100,27.82
2012-08-03,26.690001,27.23,26.67,27.01,1139500,27.01
2012-08-02,25.889999,26.33,25.84,26.18,991900,26.18
2012-08-01,26.32,26.50,25.84,26.09,1296500,26.09
2012-07-31,26.18,26.469999,25.75,26.01,1071200,26.01
2012-07-30,26.76,27.040001,25.969999,26.32,1002900,26.32
2012-07-27,26.58,27.16,26.27,26.940001,941400,26.940001
2012-07-26,26.790001,26.799999,25.85,26.32,883200,26.32
2012-07-25,26.469999,26.799999,26.129999,26.200001,1328600,26.200001
2012-07-24,26.76,27.059999,25.60,25.99,1477800,25.99
2012-07-23,26.219999,27.120001,26.120001,26.799999,1259700,26.799999
2012-07-20,27.16,28.26,26.73,26.959999,2481100,26.959999
2012-07-19,26.59,28.129999,26.00,27.60,6344500,27.60
2012-07-18,20.940001,22.00,20.790001,21.77,2248900,21.77
2012-07-17,21.709999,22.049999,20.82,21.120001,3629300,21.120001
2012-07-16,23.110001,23.93,22.68,23.10,1621400,23.10
2012-07-13,22.49,23.32,22.440001,23.26,2465500,23.26
2012-07-12,21.370001,22.450001,21.25,22.290001,1048800,22.290001
2012-07-11,21.49,21.76,21.280001,21.610001,821000,21.610001
2012-07-10,21.77,22.00,21.34,21.51,738000,21.51
2012-07-09,21.49,22.200001,21.459999,21.52,900100,21.52
2012-07-06,21.450001,21.77,21.200001,21.59,705300,21.59
2012-07-05,21.59,22.040001,21.35,21.75,813300,21.75
2012-07-03,21.01,21.780001,20.84,21.76,532800,21.76
2012-07-02,20.92,21.110001,20.549999,21.10,970000,21.10
2012-06-29,20.50,21.120001,20.450001,20.92,1032200,20.92
2012-06-28,19.40,20.50,19.08,20.030001,2423000,20.030001
2012-06-27,19.530001,19.93,19.08,19.33,1016700,19.33
2012-06-26,19.68,19.73,19.00,19.559999,1416200,19.559999
2012-06-25,19.790001,20.01,19.27,19.50,1117800,19.50
2012-06-22,20.16,20.27,19.639999,20.040001,1762600,20.040001
2012-06-21,21.559999,21.559999,19.77,19.860001,2698600,19.860001
2012-06-20,21.50,21.84,21.049999,21.48,1163900,21.48
2012-06-19,21.629999,22.200001,21.450001,21.50,1290900,21.50
2012-06-18,21.41,21.879999,20.959999,21.60,1055000,21.60
2012-06-15,20.65,21.76,20.65,21.65,2278600,21.65
2012-06-14,21.379999,21.639999,20.68,20.700001,1933200,20.700001
2012-06-13,22.25,22.84,21.059999,21.33,1949000,21.33
2012-06-12,21.83,22.209999,21.200001,22.190001,2204000,22.190001
2012-06-11,23.219999,23.299999,21.559999,21.719999,2520800,21.719999
2012-06-08,21.709999,23.290001,21.440001,23.01,2073100,23.01
2012-06-07,20.90,22.52,20.67,21.83,5025900,21.83
2012-06-06,19.74,22.51,19.639999,20.610001,12190800,20.610001
2012-06-05,25.629999,26.030001,24.870001,25.93,888600,25.93
2012-06-04,26.01,26.51,25.00,25.709999,1083800,25.709999
2012-06-01,26.51,26.860001,25.57,25.99,1438900,25.99
2012-05-31,27.43,27.629999,26.24,27.360001,1056300,27.360001
2012-05-30,28.00,28.049999,27.049999,27.450001,1353000,27.450001
2012-05-29,28.18,28.709999,27.77,28.48,1317500,28.48
2012-05-25,26.889999,29.00,26.889999,28.040001,2224500,28.040001
2012-05-24,26.25,26.73,25.950001,26.57,817000,26.57
2012-05-23,25.780001,26.540001,25.33,26.32,1089900,26.32
2012-05-22,25.780001,26.66,25.700001,26.290001,1035900,26.290001
2012-05-21,25.10,25.700001,24.940001,25.629999,1639600,25.629999
2012-05-18,25.540001,25.799999,24.33,25.15,1927300,25.15
2012-05-17,27.120001,27.309999,25.309999,25.52,1466400,25.52
2012-05-16,27.360001,28.030001,27.01,27.129999,708100,27.129999
2012-05-15,26.85,28.00,26.67,27.309999,1101800,27.309999
2012-05-14,27.90,28.120001,26.75,26.790001,1474400,26.790001
2012-05-11,26.65,28.84,26.65,28.469999,1381000,28.469999
2012-05-10,27.700001,28.18,26.860001,27.02,1288500,27.02
2012-05-09,26.48,28.15,26.190001,27.290001,2130200,27.290001
2012-05-08,28.16,28.16,24.27,26.709999,4404600,26.709999
2012-05-07,29.309999,29.59,26.799999,28.290001,4032400,28.290001
2012-05-04,29.92,30.639999,29.290001,29.51,1413000,29.51
2012-05-03,31.02,31.24,29.959999,30.25,1195500,30.25
2012-05-02,29.35,31.209999,29.35,30.90,1853400,30.90
2012-05-01,28.84,30.57,28.58,29.950001,2121100,29.950001
2012-04-30,29.76,29.91,28.67,28.879999,1607000,28.879999
2012-04-27,28.950001,29.969999,28.370001,29.940001,1997100,29.940001
2012-04-26,31.15,31.450001,27.809999,28.74,4297600,28.74
2012-04-25,30.57,31.309999,30.09,31.299999,1910700,31.299999
2012-04-24,32.240002,32.400002,29.950001,30.290001,3124300,30.290001
2012-04-23,29.84,32.490002,29.299999,32.16,3017800,32.16
2012-04-20,32.869999,33.00,30.50,30.76,3994000,30.76
2012-04-19,33.75,34.740002,31.379999,33.68,3672300,33.68
2012-04-18,35.00,35.599998,34.619999,35.240002,1882200,35.240002
2012-04-17,34.50,35.169998,34.240002,34.75,1134300,34.75
2012-04-16,34.459999,35.00,33.900002,34.25,1089700,34.25
2012-04-13,33.400002,34.50,33.150002,34.060001,669900,34.060001
2012-04-12,32.599998,33.84,32.439999,33.439999,571700,33.439999
2012-04-11,32.400002,33.150002,32.009998,32.59,1111200,32.59
2012-04-10,33.610001,33.77,31.15,31.299999,1605400,31.299999
2012-04-09,33.299999,33.889999,32.799999,33.77,936000,33.77
2012-04-05,32.630001,34.189999,32.509998,34.040001,919500,34.040001
2012-04-04,33.02,33.060001,32.07,32.849998,707700,32.849998
2012-04-03,32.490002,33.779999,32.380001,33.57,763400,33.57
2012-04-02,32.310001,32.700001,32.00,32.50,828900,32.50
2012-03-30,32.810001,32.84,32.259998,32.389999,471200,32.389999
2012-03-29,32.380001,32.599998,31.76,32.43,494500,32.43
2012-03-28,32.799999,33.400002,31.719999,32.380001,932700,32.380001
2012-03-27,33.099998,33.939999,32.549999,32.619999,907600,32.619999
2012-03-26,32.50,33.560001,32.50,33.189999,770400,33.189999
2012-03-23,31.60,32.310001,31.309999,32.130001,703200,32.130001
2012-03-22,31.879999,32.240002,31.639999,32.189999,1066500,32.189999
2012-03-21,32.41,32.73,31.92,32.27,920000,32.27
2012-03-20,32.470001,32.740002,31.83,32.200001,592400,32.200001
2012-03-19,31.67,33.02,31.50,32.84,1036200,32.84
2012-03-16,33.34,33.360001,31.49,31.67,2692200,31.67
2012-03-15,32.389999,33.599998,32.209999,33.200001,983400,33.200001
2012-03-14,32.950001,33.200001,32.169998,32.32,622100,32.32
2012-03-13,32.41,32.810001,32.02,32.779999,751300,32.779999
2012-03-12,32.099998,32.400002,31.68,32.130001,960800,32.130001
2012-03-09,31.120001,32.419998,30.82,32.16,1624500,32.16
2012-03-08,30.290001,31.40,29.809999,31.01,1104100,31.01
2012-03-07,29.15,30.58,29.049999,29.99,1037900,29.99
2012-03-06,29.58,29.73,28.15,28.83,1029700,28.83
2012-03-05,29.42,30.73,29.42,30.030001,1115900,30.030001
2012-03-02,30.00,30.139999,29.120001,29.32,714300,29.32
2012-03-01,29.65,30.41,29.51,29.969999,1038000,29.969999
2012-02-29,28.90,30.360001,28.75,29.59,1339800,29.59
2012-02-28,29.07,29.620001,28.84,29.10,723000,29.10
2012-02-27,28.35,29.40,27.879999,29.07,517500,29.07
2012-02-24,28.91,29.299999,28.35,28.639999,1000000,28.639999
2012-02-23,27.75,29.16,27.68,28.99,1163000,28.99
2012-02-22,27.27,27.870001,26.790001,27.82,902900,27.82
2012-02-21,28.290001,28.360001,27.15,27.459999,698800,27.459999
2012-02-17,27.98,28.50,27.809999,28.049999,683500,28.049999
2012-02-16,27.85,28.110001,27.59,27.950001,689400,27.950001
2012-02-15,28.90,29.07,27.629999,27.74,833600,27.74
2012-02-14,28.76,28.889999,28.190001,28.620001,849900,28.620001
2012-02-13,29.17,29.620001,28.709999,29.01,1104600,29.01
2012-02-10,28.190001,28.84,27.620001,28.68,932700,28.68
2012-02-09,29.01,29.610001,26.870001,28.620001,3787600,28.620001
2012-02-08,27.540001,27.780001,26.84,27.17,1524600,27.17
2012-02-07,28.82,28.91,26.84,27.200001,1399700,27.200001
2012-02-06,27.01,28.049999,26.780001,27.629999,1272100,27.629999
2012-02-03,26.030001,27.629999,25.98,27.040001,1690100,27.040001
2012-02-02,25.75,26.120001,25.540001,25.639999,655800,25.639999
2012-02-01,25.209999,26.00,25.120001,25.85,873500,25.85
2012-01-31,26.15,26.16,24.84,25.08,886000,25.08
2012-01-30,25.790001,26.17,25.35,25.90,933300,25.90
2012-01-27,25.00,26.139999,24.76,26.120001,1485200,26.120001
2012-01-26,25.040001,25.200001,24.110001,25.10,1326300,25.10
2012-01-25,24.629999,25.41,23.91,24.959999,1907500,24.959999
2012-01-24,22.99,24.50,22.65,24.309999,1291600,24.309999
2012-01-23,22.60,23.440001,22.57,23.10,1099100,23.10
2012-01-20,23.709999,23.860001,22.52,22.68,1539100,22.68
2012-01-19,23.950001,23.99,23.190001,23.889999,1060600,23.889999
2012-01-18,23.450001,24.01,23.139999,23.90,1159400,23.90
2012-01-17,23.610001,23.969999,22.959999,23.440001,812300,23.440001
2012-01-13,22.93,23.389999,22.52,23.290001,913700,23.290001
2012-01-12,22.879999,23.50,22.67,22.99,1039400,22.99
2012-01-11,23.83,24.17,22.459999,22.870001,1684400,22.870001
2012-01-10,24.50,24.50,23.67,23.889999,965600,23.889999
2012-01-09,24.280001,24.370001,23.65,24.200001,916000,24.200001
2012-01-06,23.52,24.24,23.25,24.00,1242300,24.00
2012-01-05,22.08,23.75,21.92,23.379999,1213100,23.379999
2012-01-04,22.10,22.629999,21.60,22.27,815800,22.27
2012-01-03,22.23,23.389999,21.92,22.15,1627600,22.15
2011-12-30,21.969999,22.01,21.629999,21.690001,503600,21.690001
2011-12-29,21.34,22.049999,21.18,22.01,453800,22.01
2011-12-28,22.01,22.07,21.129999,21.200001,467600,21.200001
2011-12-27,21.75,22.190001,21.52,22.040001,468900,22.040001
2011-12-23,21.610001,21.969999,21.52,21.84,303300,21.84
2011-12-22,21.77,22.00,21.450001,21.549999,646200,21.549999
2011-12-21,21.48,21.889999,20.950001,21.76,775600,21.76
2011-12-20,20.52,21.469999,20.52,21.40,1291900,21.40
2011-12-19,19.74,20.940001,19.440001,20.120001,1345400,20.120001
2011-12-16,19.030001,19.469999,18.83,19.440001,1520600,19.440001
2011-12-15,19.200001,19.23,18.540001,18.799999,825700,18.799999
2011-12-14,19.77,19.90,18.620001,18.83,1151700,18.83
2011-12-13,20.709999,20.90,19.809999,19.950001,892700,19.950001
2011-12-12,20.360001,20.549999,20.049999,20.48,548300,20.48
2011-12-09,20.08,20.959999,20.00,20.76,663800,20.76
2011-12-08,20.110001,20.57,19.92,19.99,612600,19.99
2011-12-07,20.42,20.57,19.870001,20.379999,1281900,20.379999
2011-12-06,20.66,21.01,20.02,20.59,1051200,20.59
2011-12-05,20.120001,21.139999,20.01,20.629999,1055900,20.629999
2011-12-02,19.610001,20.32,19.51,19.73,1368300,19.73
2011-12-01,18.49,19.459999,18.290001,19.309999,1118000,19.309999
2011-11-30,18.969999,19.040001,18.190001,18.530001,2168400,18.530001
2011-11-29,18.530001,18.530001,17.780001,18.030001,1587300,18.030001
2011-11-28,18.83,19.24,18.209999,18.49,1738700,18.49
2011-11-25,18.610001,18.950001,17.799999,17.809999,636600,17.809999
2011-11-23,19.059999,19.40,18.700001,18.74,885700,18.74
2011-11-22,19.16,19.799999,19.01,19.370001,597800,19.370001
2011-11-21,19.280001,19.379999,18.879999,19.200001,821100,19.200001
2011-11-18,20.32,20.59,19.610001,19.77,820300,19.77
2011-11-17,20.74,21.040001,20.10,20.290001,820900,20.290001
2011-11-16,21.15,21.559999,20.610001,20.74,762700,20.74
2011-11-15,20.51,21.74,20.50,21.540001,1322100,21.540001
2011-11-14,20.84,20.90,20.469999,20.65,538100,20.65
2011-11-11,20.209999,21.23,19.950001,21.01,1137500,21.01
2011-11-10,20.370001,20.42,19.50,19.84,903800,19.84
2011-11-09,20.10,20.719999,19.93,19.969999,815700,19.969999
2011-11-08,20.66,21.00,20.07,20.780001,977400,20.780001
2011-11-07,20.700001,20.809999,19.940001,20.33,458700,20.33
2011-11-04,20.50,20.85,20.309999,20.77,591500,20.77
2011-11-03,21.50,21.50,20.50,20.74,1280900,20.74
2011-11-02,20.360001,21.08,20.16,21.00,1297800,21.00
2011-11-01,19.879999,20.620001,19.60,20.00,1616600,20.00
2011-10-31,20.25,21.40,20.01,20.77,1253500,20.77
2011-10-28,20.559999,21.00,20.299999,20.530001,1221400,20.530001
2011-10-27,21.51,22.190001,20.42,20.85,2078200,20.85
2011-10-26,21.01,21.48,20.33,21.190001,1418000,21.190001
2011-10-25,20.82,21.68,20.25,20.790001,2084700,20.790001
2011-10-24,21.299999,22.129999,20.76,21.57,2947100,21.57
2011-10-21,19.73,21.629999,19.620001,21.57,3994900,21.57
2011-10-20,17.940001,19.549999,17.629999,19.42,7214500,19.42
2011-10-19,16.719999,16.889999,16.00,16.120001,1184400,16.120001
2011-10-18,16.049999,16.83,15.60,16.700001,2020200,16.700001
2011-10-17,16.01,16.389999,15.81,16.049999,740500,16.049999
2011-10-14,16.040001,16.370001,15.66,16.219999,636800,16.219999
2011-10-13,15.53,15.98,15.27,15.76,661600,15.76
2011-10-12,15.70,16.110001,15.53,15.72,853400,15.72
2011-10-11,15.40,15.86,15.27,15.58,795800,15.58
2011-10-10,15.46,15.80,15.11,15.50,773900,15.50
2011-10-07,15.03,15.63,14.61,15.07,1364200,15.07
2011-10-06,13.91,14.91,13.79,14.83,645600,14.83
2011-10-05,13.48,14.05,13.05,13.95,823800,13.95
2011-10-04,12.32,13.48,11.97,13.45,1075700,13.45
2011-10-03,13.84,14.05,12.40,12.41,1142700,12.41
2011-09-30,14.19,14.61,13.86,13.97,975800,13.97
2011-09-29,15.04,15.15,14.01,14.53,876000,14.53
2011-09-28,15.92,15.94,14.54,14.55,1148900,14.55
2011-09-27,15.93,16.299999,15.65,15.84,968500,15.84
2011-09-26,15.06,15.53,14.78,15.52,785700,15.52
2011-09-23,14.89,15.21,14.72,14.94,734500,14.94
2011-09-22,15.28,15.67,14.55,14.97,1548200,14.97
2011-09-21,16.15,16.559999,15.98,15.99,972400,15.99
2011-09-20,16.299999,16.469999,16.00,16.139999,920000,16.139999
2011-09-19,15.75,16.43,15.50,16.24,735100,16.24
2011-09-16,16.35,16.40,16.030001,16.15,1097300,16.15
2011-09-15,16.540001,16.59,16.059999,16.309999,803100,16.309999
2011-09-14,15.88,16.75,15.49,16.290001,1207200,16.290001
2011-09-13,15.12,15.84,15.10,15.66,1157300,15.66
2011-09-12,14.13,15.08,14.11,15.08,835800,15.08
2011-09-09,14.72,14.97,14.05,14.40,1127600,14.40
2011-09-08,15.23,15.68,14.83,15.01,1165100,15.01
2011-09-07,15.44,15.66,14.89,15.37,1136200,15.37
2011-09-06,14.14,15.19,14.14,15.16,899600,15.16
2011-09-02,14.95,15.33,14.56,14.77,709300,14.77
2011-09-01,15.83,16.379999,15.24,15.39,738700,15.39
2011-08-31,16.620001,17.10,15.50,15.88,1050900,15.88
2011-08-30,15.50,16.52,15.14,16.370001,1179700,16.370001
2011-08-29,15.00,15.68,14.77,15.67,887500,15.67
2011-08-26,13.93,14.85,13.84,14.77,678700,14.77
2011-08-25,14.67,14.79,13.96,14.16,952200,14.16
2011-08-24,13.90,14.80,13.69,14.54,1063400,14.54
2011-08-23,13.02,13.93,12.98,13.91,615100,13.91
2011-08-22,13.31,13.43,12.81,13.01,650900,13.01
2011-08-19,12.57,13.61,12.57,12.86,1212100,12.86
2011-08-18,13.57,13.68,12.76,12.93,1015600,12.93
2011-08-17,14.91,15.15,14.07,14.16,607400,14.16
2011-08-16,14.95,15.10,14.58,14.85,904600,14.85
2011-08-15,14.86,15.28,14.76,15.25,719400,15.25
2011-08-12,14.17,14.73,13.75,14.68,728100,14.68
2011-08-11,13.31,14.43,13.26,13.91,1011300,13.91
2011-08-10,13.16,13.86,12.70,13.21,1463700,13.21
2011-08-09,12.52,13.63,11.89,13.62,1383200,13.62
2011-08-08,13.21,13.48,11.94,12.20,1810500,12.20
2011-08-05,14.06,14.36,13.02,13.72,2040400,13.72
2011-08-04,15.04,15.25,13.90,13.90,1058400,13.90
2011-08-03,15.25,15.45,14.50,15.29,1040400,15.29
2011-08-02,16.10,16.73,15.17,15.17,1015300,15.17
2011-08-01,16.719999,16.82,15.91,16.200001,909100,16.200001
2011-07-29,15.73,17.030001,15.36,16.82,952800,16.82
2011-07-28,16.280001,16.82,15.92,15.95,912400,15.95
2011-07-27,17.00,17.040001,16.219999,16.33,1024500,16.33
2011-07-26,17.48,17.530001,16.74,17.15,816900,17.15
2011-07-25,17.639999,17.799999,17.34,17.450001,845100,17.450001
2011-07-22,17.700001,18.200001,17.440001,17.99,1299100,17.99
2011-07-21,18.530001,18.67,16.92,17.66,3904400,17.66
2011-07-20,18.23,18.299999,17.66,18.18,1454200,18.18
2011-07-19,17.66,18.299999,17.65,18.190001,988100,18.190001
2011-07-18,17.99,17.99,17.27,17.450001,556900,17.450001
2011-07-15,18.09,18.389999,17.870001,18.02,552800,18.02
2011-07-14,18.309999,18.49,17.51,18.00,777800,18.00
2011-07-13,17.790001,18.549999,17.790001,18.27,732600,18.27
2011-07-12,17.790001,17.98,17.60,17.700001,512600,17.700001
2011-07-11,18.15,18.629999,17.74,17.940001,704300,17.940001
2011-07-08,18.51,18.77,18.02,18.60,957000,18.60
2011-07-07,18.85,19.23,18.76,18.860001,693400,18.860001
2011-07-06,18.360001,18.85,18.25,18.74,580000,18.74
2011-07-05,18.43,18.700001,18.190001,18.370001,606200,18.370001
2011-07-01,18.030001,18.57,17.780001,18.41,787200,18.41
2011-06-30,17.950001,18.309999,17.879999,17.98,620800,17.98
2011-06-29,17.709999,18.299999,17.540001,17.879999,1357100,17.879999
2011-06-28,17.059999,17.549999,16.860001,17.530001,1225900,17.530001
2011-06-27,17.17,17.219999,16.860001,17.02,575800,17.02
2011-06-24,17.01,17.25,16.85,17.040001,1096100,17.040001
2011-06-23,16.450001,17.01,16.059999,16.959999,994300,16.959999
2011-06-22,17.059999,17.35,16.610001,16.709999,740000,16.709999
2011-06-21,16.49,17.25,16.389999,17.09,1507500,17.09
2011-06-20,15.62,16.58,15.51,16.48,929900,16.48
2011-06-17,15.18,16.00,14.97,15.70,2651600,15.70
2011-06-16,15.00,15.17,14.66,15.01,756800,15.01
2011-06-15,15.19,15.31,14.70,14.88,731600,14.88
2011-06-14,14.44,15.56,14.44,15.42,988100,15.42
2011-06-13,14.41,14.74,14.07,14.30,736900,14.30
2011-06-10,14.55,14.58,14.09,14.44,855800,14.44
2011-06-09,14.15,14.74,14.01,14.64,788400,14.64
2011-06-08,14.68,14.73,14.06,14.06,788600,14.06
2011-06-07,15.15,15.23,14.62,14.75,842200,14.75
2011-06-06,15.69,15.71,14.95,15.02,835700,15.02
2011-06-03,15.64,15.88,15.48,15.69,685600,15.69
2011-06-02,16.299999,16.379999,15.54,15.93,960000,15.93
2011-06-01,16.40,16.879999,16.190001,16.32,1433500,16.32
2011-05-31,16.469999,16.50,15.95,16.34,910800,16.34
2011-05-27,16.290001,16.379999,15.98,16.190001,780900,16.190001
2011-05-26,15.92,16.76,15.80,16.23,816100,16.23
2011-05-25,15.66,16.24,15.43,16.16,780100,16.16
2011-05-24,15.90,15.90,15.37,15.71,793600,15.71
2011-05-23,15.98,16.120001,15.61,15.79,750400,15.79
2011-05-20,16.559999,16.559999,16.09,16.299999,755100,16.299999
2011-05-19,16.85,16.90,16.41,16.700001,425000,16.700001
2011-05-18,16.16,16.91,16.030001,16.690001,669700,16.690001
2011-05-17,16.290001,16.33,15.80,16.24,628900,16.24
2011-05-16,17.040001,17.200001,16.360001,16.440001,850800,16.440001
2011-05-13,17.42,17.459999,16.92,17.200001,500700,17.200001
2011-05-12,17.219999,17.49,16.950001,17.41,530000,17.41
2011-05-11,17.540001,17.860001,17.030001,17.34,650000,17.34
2011-05-10,17.09,17.84,16.99,17.59,1074700,17.59
2011-05-09,16.68,17.290001,16.299999,17.02,931600,17.02
2011-05-06,16.459999,16.99,16.459999,16.60,1290100,16.60
2011-05-05,16.059999,16.76,16.049999,16.559999,8900200,16.559999
2011-05-04,16.15,16.299999,15.81,16.18,1137200,16.18
2011-05-03,16.15,16.33,16.02,16.10,2800000,16.10
2011-05-02,16.00,16.200001,15.13,15.63,938600,15.63
2011-04-29,15.96,16.08,15.70,15.87,853000,15.87
2011-04-28,16.50,16.639999,15.65,15.82,1200000,15.82
2011-04-27,16.58,16.639999,15.92,16.43,1220800,16.43
2011-04-26,16.66,16.959999,16.32,16.450001,957100,16.450001
2011-04-25,17.030001,17.299999,16.209999,16.50,2076800,16.50
2011-04-21,16.00,17.50,15.09,17.290001,6312200,17.290001
2011-04-20,12.92,13.54,12.69,13.27,1894500,13.27
2011-04-19,12.37,12.64,12.22,12.63,635200,12.63
2011-04-18,12.40,12.54,12.26,12.28,447800,12.28
2011-04-15,12.32,12.71,12.18,12.63,1845100,12.63
2011-04-14,12.13,12.43,11.94,12.36,336800,12.36
2011-04-13,12.22,12.34,12.00,12.27,282900,12.27
2011-04-12,12.30,12.37,11.88,12.09,692900,12.09
2011-04-11,12.58,12.73,12.36,12.47,479900,12.47
2011-04-08,12.82,13.29,12.44,12.56,1088100,12.56
2011-04-07,12.83,12.84,12.21,12.35,508500,12.35
2011-04-06,12.84,12.94,12.43,12.84,617400,12.84
2011-04-05,12.14,12.79,12.14,12.78,354800,12.78
2011-04-04,12.45,12.49,12.13,12.19,290000,12.19
2011-04-01,12.17,12.77,12.06,12.41,715700,12.41
2011-03-31,12.16,12.21,11.90,12.06,254800,12.06
2011-03-30,12.03,12.28,11.98,12.23,447100,12.23
2011-03-29,11.40,12.09,11.40,11.99,271100,11.99
2011-03-28,11.94,12.06,11.75,11.77,275500,11.77
2011-03-25,11.67,11.99,11.55,11.90,451300,11.90
2011-03-24,11.50,11.72,11.32,11.61,354900,11.61
2011-03-23,11.35,11.59,11.27,11.43,461100,11.43
2011-03-22,11.59,11.69,11.20,11.41,539100,11.41
2011-03-21,11.88,11.94,11.11,11.62,749600,11.62
2011-03-18,12.13,12.13,11.54,11.62,3144900,11.62
2011-03-17,12.00,12.09,11.74,11.93,528000,11.93
2011-03-16,11.53,11.94,11.46,11.77,666300,11.77
2011-03-15,11.22,11.75,11.00,11.57,531500,11.57
2011-03-14,11.39,11.95,11.05,11.79,671100,11.79
2011-03-11,11.70,11.86,11.00,11.55,869700,11.55
2011-03-10,12.17,12.19,11.64,11.77,727400,11.77
2011-03-09,12.15,12.61,11.90,12.44,587300,12.44
2011-03-08,12.19,12.23,11.60,12.17,689000,12.17
2011-03-07,12.11,12.39,12.01,12.18,1517400,12.18
2011-03-04,11.45,12.10,11.29,12.09,1328500,12.09
2011-03-03,11.20,11.74,11.18,11.47,703300,11.47
2011-03-02,10.72,11.14,10.71,11.07,495200,11.07
2011-03-01,11.17,11.23,10.63,10.74,986400,10.74
2011-02-28,11.38,11.39,10.88,11.13,484300,11.13
2011-02-25,11.04,11.41,11.01,11.39,357100,11.39
2011-02-24,10.89,11.05,10.66,10.99,443800,10.99
2011-02-23,11.19,11.30,10.67,10.90,652600,10.90
2011-02-22,11.41,11.55,11.13,11.16,565500,11.16
2011-02-18,11.77,11.85,11.52,11.67,441400,11.67
2011-02-17,11.45,11.85,11.26,11.74,591200,11.74
2011-02-16,11.26,11.50,11.15,11.46,520200,11.46
2011-02-15,11.12,11.29,10.99,11.22,638500,11.22
2011-02-14,11.20,11.75,11.20,11.23,736600,11.23
2011-02-11,11.30,11.81,11.30,11.69,727700,11.69
2011-02-10,11.60,11.99,11.25,11.68,3095800,11.68
2011-02-09,10.20,10.67,10.10,10.49,1210000,10.49
2011-02-08,10.25,10.37,10.15,10.21,690400,10.21
2011-02-07,10.18,10.31,10.08,10.23,551700,10.23
2011-02-04,10.08,10.35,9.99,10.15,399800,10.15
2011-02-03,9.83,10.12,9.77,10.04,1182200,10.04
2011-02-02,10.10,10.18,9.81,9.88,572700,9.88
2011-02-01,10.28,10.40,10.11,10.15,644300,10.15
2011-01-31,10.11,10.32,9.93,10.16,466400,10.16
2011-01-28,10.46,10.48,10.03,10.03,493200,10.03
2011-01-27,10.65,10.65,10.40,10.51,362000,10.51
2011-01-26,10.49,10.75,10.30,10.64,624900,10.64
2011-01-25,10.34,10.53,10.25,10.48,552400,10.48
2011-01-24,10.24,10.69,10.24,10.39,338400,10.39
2011-01-21,9.75,10.45,9.69,10.26,540800,10.26
2011-01-20,9.77,9.85,9.53,9.64,330000,9.64
2011-01-19,10.05,10.10,9.60,9.84,609400,9.84
2011-01-18,10.32,10.36,10.06,10.08,270100,10.08
2011-01-14,10.32,10.46,10.26,10.37,280000,10.37
2011-01-13,10.45,10.45,10.27,10.32,268700,10.32
2011-01-12,10.38,10.47,10.22,10.45,315300,10.45
2011-01-11,10.50,10.52,10.18,10.27,295600,10.27
2011-01-10,10.35,10.56,10.01,10.44,385600,10.44
2011-01-07,10.40,10.79,10.21,10.46,882200,10.46
2011-01-06,10.18,10.49,10.02,10.42,551000,10.42
2011-01-05,9.82,10.50,9.76,10.19,778600,10.19
2011-01-04,9.86,9.92,9.69,9.86,706100,9.86
2011-01-03,9.27,10.00,9.22,9.85,998900,9.85
2010-12-31,9.09,9.27,8.98,9.13,227500,9.13
2010-12-30,9.23,9.24,9.01,9.13,277900,9.13
2010-12-29,9.22,9.48,9.18,9.21,299100,9.21
2010-12-28,9.29,9.30,9.20,9.22,307000,9.22
2010-12-27,9.21,9.28,9.16,9.27,155900,9.27
2010-12-23,9.28,9.30,9.16,9.25,193100,9.25
2010-12-22,9.25,9.30,9.11,9.25,271600,9.25
2010-12-21,9.22,9.33,9.11,9.25,540800,9.25
2010-12-20,9.01,9.23,8.98,9.17,466100,9.17
2010-12-17,9.07,9.07,8.73,9.00,644600,9.00
2010-12-16,8.69,9.06,8.69,9.02,451000,9.02
2010-12-15,8.92,8.97,8.58,8.66,845500,8.66
2010-12-14,8.98,9.12,8.85,8.91,277400,8.91
2010-12-13,9.24,9.24,8.91,8.97,409400,8.97
2010-12-10,8.94,9.25,8.83,9.18,605000,9.18
2010-12-09,9.07,9.13,8.87,8.93,353400,8.93
2010-12-08,9.14,9.21,8.93,8.98,291500,8.98
2010-12-07,9.26,9.30,9.09,9.09,430600,9.09
2010-12-06,8.92,9.20,8.92,9.11,313300,9.11
2010-12-03,8.99,9.07,8.88,8.97,217800,8.97
2010-12-02,9.04,9.17,8.87,9.09,384200,9.09
2010-12-01,9.04,9.28,8.81,8.96,477700,8.96
2010-11-30,8.71,8.84,8.44,8.79,979400,8.79
2010-11-29,8.96,9.04,8.58,8.90,800200,8.90
2010-11-26,9.00,9.37,8.71,9.05,390800,9.05
2010-11-24,8.58,9.25,8.58,9.13,3218900,9.13
2010-11-23,8.28,8.46,8.09,8.45,323700,8.45
2010-11-22,8.42,8.48,8.20,8.47,284100,8.47
2010-11-19,8.38,8.55,8.08,8.47,375700,8.47
2010-11-18,8.06,8.45,8.06,8.37,463100,8.37
2010-11-17,7.87,8.01,7.71,7.95,353200,7.95
2010-11-16,8.05,8.22,7.79,7.83,717000,7.83
2010-11-15,8.25,8.45,8.16,8.20,286500,8.20
2010-11-12,8.21,8.37,7.97,8.19,627000,8.19
2010-11-11,8.58,8.63,8.42,8.47,251200,8.47
2010-11-10,8.39,8.73,8.25,8.70,346200,8.70
2010-11-09,8.84,8.90,8.43,8.49,486500,8.49
2010-11-08,8.75,8.92,8.64,8.86,377700,8.86
2010-11-05,8.92,8.92,8.66,8.79,444800,8.79
2010-11-04,8.62,8.92,8.53,8.91,627600,8.91
2010-11-03,8.47,8.58,8.35,8.50,451800,8.50
2010-11-02,8.30,8.50,8.19,8.48,480400,8.48
2010-11-01,8.37,8.59,8.12,8.16,450100,8.16
2010-10-29,8.30,8.46,8.15,8.31,370400,8.31
2010-10-28,8.62,8.73,8.36,8.37,609000,8.37
2010-10-27,8.71,8.81,8.36,8.52,881400,8.52
2010-10-26,8.38,8.89,8.28,8.84,715900,8.84
2010-10-25,8.30,8.60,8.30,8.49,910000,8.49
2010-10-22,7.91,8.29,7.86,8.24,1328400,8.24
2010-10-21,7.80,7.98,7.50,7.87,2989500,7.87
2010-10-20,6.75,6.88,6.63,6.68,726400,6.68
2010-10-19,7.04,7.09,6.66,6.75,565800,6.75
2010-10-18,7.04,7.23,6.96,7.22,383900,7.22
2010-10-15,6.98,7.07,6.86,7.03,462100,7.03
2010-10-14,7.11,7.22,6.70,6.85,515600,6.85
2010-10-13,6.88,7.30,6.77,7.08,547200,7.08
2010-10-12,6.83,6.97,6.71,6.81,333400,6.81
2010-10-11,7.02,7.10,6.85,6.88,191200,6.88
2010-10-08,6.87,7.12,6.82,7.04,346100,7.04
2010-10-07,6.88,6.97,6.70,6.85,320100,6.85
2010-10-06,6.83,6.86,6.70,6.81,302000,6.81
2010-10-05,6.77,6.98,6.69,6.83,425100,6.83
2010-10-04,6.91,6.93,6.60,6.64,421800,6.64
2010-10-01,6.88,7.04,6.68,6.95,371000,6.95
2010-09-30,7.17,7.18,6.75,6.78,681000,6.78
2010-09-29,7.10,7.12,6.82,7.09,474500,7.09
2010-09-28,7.01,7.09,6.69,7.03,651100,7.03
2010-09-27,6.56,7.03,6.54,6.93,691000,6.93
2010-09-24,6.43,6.54,6.32,6.54,637100,6.54
2010-09-23,6.10,6.58,6.03,6.31,878600,6.31
2010-09-22,6.29,6.39,5.99,6.10,551900,6.10
2010-09-21,6.48,6.77,6.30,6.37,1285000,6.37
2010-09-20,5.86,6.45,5.86,6.45,965700,6.45
2010-09-17,5.95,5.97,5.80,5.94,539800,5.94
2010-09-16,5.87,6.01,5.83,5.85,487700,5.85
2010-09-15,6.15,6.15,5.81,5.90,426200,5.90
2010-09-14,6.21,6.36,6.15,6.15,350200,6.15
2010-09-13,6.02,6.30,5.92,6.27,1007600,6.27
2010-09-10,5.87,6.03,5.86,5.90,352100,5.90
2010-09-09,6.29,6.29,5.76,5.83,609000,5.83
2010-09-08,5.92,6.18,5.92,6.10,488500,6.10
2010-09-07,6.27,6.27,5.87,5.88,732000,5.88
2010-09-03,6.05,6.39,6.05,6.32,817300,6.32
2010-09-02,5.50,5.96,5.33,5.92,1145700,5.92
2010-09-01,5.55,5.87,5.39,5.83,983100,5.83
2010-08-31,5.04,5.49,5.04,5.37,1280500,5.37
2010-08-30,5.24,5.46,5.03,5.03,601400,5.03
2010-08-27,5.02,5.29,4.92,5.26,1203900,5.26
2010-08-26,5.18,5.23,4.93,4.95,714400,4.95
2010-08-25,5.10,5.23,5.02,5.12,1364900,5.12
2010-08-24,5.81,5.93,5.18,5.20,2289300,5.20
2010-08-23,6.22,6.45,5.99,5.99,637700,5.99
2010-08-20,6.14,6.19,6.06,6.18,760400,6.18
2010-08-19,6.31,6.32,6.15,6.21,977700,6.21
2010-08-18,6.34,6.50,6.21,6.35,490000,6.35
2010-08-17,6.16,6.49,6.12,6.33,736400,6.33
2010-08-16,6.13,6.20,5.82,6.03,861500,6.03
2010-08-13,6.44,6.61,6.16,6.16,910000,6.16
2010-08-12,6.21,6.55,6.11,6.50,697600,6.50
2010-08-11,6.73,6.83,6.28,6.36,842300,6.36
2010-08-10,7.45,7.50,6.74,6.81,899500,6.81
2010-08-09,7.53,7.63,7.38,7.56,355600,7.56
2010-08-06,7.53,7.69,7.35,7.48,452300,7.48
2010-08-05,7.70,7.73,7.50,7.66,475000,7.66
2010-08-04,7.81,7.84,7.66,7.75,450200,7.75
2010-08-03,8.09,8.17,7.73,7.74,415100,7.74
2010-08-02,8.00,8.26,7.86,8.15,468600,8.15
2010-07-30,7.77,8.09,7.30,7.80,370500,7.80
2010-07-29,7.88,8.10,7.65,7.92,460100,7.92
2010-07-28,8.12,8.22,7.70,7.82,512400,7.82
2010-07-27,8.51,8.93,8.12,8.12,669400,8.12
2010-07-26,8.20,8.40,7.84,8.40,421200,8.40
2010-07-23,7.78,8.20,7.59,8.19,719800,8.19
2010-07-22,8.19,8.23,7.54,7.87,1340600,7.87
2010-07-21,8.10,8.22,7.76,7.80,601700,7.80
2010-07-20,7.54,8.02,7.40,7.99,763600,7.99
2010-07-19,7.85,8.00,7.47,7.75,662400,7.75
2010-07-16,8.27,8.31,7.81,7.85,732500,7.85
2010-07-15,8.55,8.75,8.10,8.31,432800,8.31
2010-07-14,8.76,8.86,8.50,8.57,424800,8.57
2010-07-13,8.41,8.86,8.38,8.82,405700,8.82
2010-07-12,8.35,8.72,8.17,8.27,411800,8.27
2010-07-09,8.10,8.46,7.98,8.42,298500,8.42
2010-07-08,8.09,8.18,7.85,8.10,485800,8.10
2010-07-07,7.54,8.05,7.36,8.04,855600,8.04
2010-07-06,8.47,8.70,7.45,7.55,1381200,7.55
2010-07-02,8.33,8.65,8.03,8.30,774900,8.30
2010-07-01,8.76,8.95,8.02,8.28,1147700,8.28
2010-06-30,8.81,9.04,8.70,8.75,747600,8.75
2010-06-29,9.48,9.49,8.80,8.89,1247100,8.89
2010-06-28,9.52,9.87,9.29,9.68,614600,9.68
2010-06-25,9.29,9.62,8.69,9.49,8657600,9.49
2010-06-24,9.90,9.90,9.21,9.32,768100,9.32
2010-06-23,10.32,10.53,9.90,10.05,665000,10.05
2010-06-22,10.45,10.75,10.23,10.29,678400,10.29
2010-06-21,10.30,10.69,10.20,10.35,776800,10.35
2010-06-18,10.05,10.26,9.84,10.24,565400,10.24
2010-06-17,10.11,10.23,9.83,10.07,312600,10.07
2010-06-16,10.17,10.18,9.85,10.08,383300,10.08
2010-06-15,9.85,10.24,9.69,10.23,329700,10.23
2010-06-14,9.65,9.85,9.44,9.72,280000,9.72
2010-06-11,9.01,9.43,8.94,9.37,289600,9.37
2010-06-10,8.93,9.38,8.81,9.16,606900,9.16
2010-06-09,8.98,9.43,8.61,8.68,876500,8.68
2010-06-08,9.35,9.53,8.70,8.93,831000,8.93
2010-06-07,9.79,9.93,9.10,9.10,632700,9.10
2010-06-04,10.03,10.11,9.51,9.75,728400,9.75
2010-06-03,10.59,10.78,10.14,10.49,596700,10.49
2010-06-02,10.90,11.10,10.22,10.59,683600,10.59
2010-06-01,11.23,11.40,10.67,10.71,698900,10.71
2010-05-28,11.25,11.56,10.82,11.22,1023400,11.22
2010-05-27,10.67,10.95,10.33,10.93,794300,10.93
2010-05-26,9.99,10.84,9.97,10.14,1828100,10.14
2010-05-25,9.25,10.00,8.92,9.93,572400,9.93
2010-05-24,9.55,10.09,9.40,9.67,439400,9.67
2010-05-21,8.95,9.73,8.50,9.60,847500,9.60
2010-05-20,9.49,9.53,9.01,9.17,721500,9.17
2010-05-19,10.02,10.29,9.54,9.95,684000,9.95
2010-05-18,10.73,10.88,10.04,10.17,496800,10.17
2010-05-17,10.26,10.50,9.81,10.49,429800,10.49
2010-05-14,10.80,10.80,9.76,10.23,617400,10.23
2010-05-13,10.66,11.44,10.65,10.88,705400,10.88
2010-05-12,9.98,10.70,9.82,10.59,990800,10.59
2010-05-11,9.77,10.04,9.40,9.84,1278600,9.84
2010-05-10,9.78,10.31,9.65,9.70,1008600,9.70
2010-05-07,10.09,10.25,9.25,9.50,591000,9.50
2010-05-06,10.49,10.89,9.00,10.22,769100,10.22
2010-05-05,10.97,11.08,9.68,10.54,688500,10.54
2010-05-04,11.54,11.54,11.00,11.12,624600,11.12
2010-05-03,11.49,11.85,11.36,11.78,671400,11.78
2010-04-30,11.61,11.76,11.22,11.32,506400,11.32
2010-04-29,10.90,11.89,10.86,11.60,788600,11.60
2010-04-28,10.46,10.94,10.45,10.71,573300,10.71
2010-04-27,10.81,11.02,10.40,10.44,1157700,10.44
2010-04-26,11.68,12.00,10.82,10.82,1329500,10.82
2010-04-23,11.33,12.06,11.20,11.38,1656300,11.38
2010-04-22,9.51,11.27,9.50,11.18,2888000,11.18
2010-04-21,9.00,9.49,9.00,9.32,1406800,9.32
2010-04-20,8.60,8.65,8.45,8.65,258400,8.65
2010-04-19,8.71,8.71,8.20,8.54,426300,8.54
2010-04-16,8.94,8.98,8.66,8.70,417600,8.70
2010-04-15,8.82,9.08,8.67,9.00,469200,9.00
2010-04-14,8.46,8.79,8.15,8.78,706900,8.78
2010-04-13,8.89,8.90,8.49,8.49,601800,8.49
2010-04-12,8.64,8.95,8.64,8.87,501700,8.87
2010-04-09,8.40,8.69,8.38,8.64,371400,8.64
2010-04-08,8.24,8.41,8.08,8.38,504000,8.38
2010-04-07,8.09,8.28,8.01,8.24,503500,8.24
2010-04-06,8.02,8.21,7.91,8.11,588600,8.11
2010-04-05,8.00,8.22,7.87,8.09,513700,8.09
2010-04-01,7.99,8.09,7.89,7.96,314300,7.96
2010-03-31,7.93,8.18,7.83,7.97,512700,7.97
2010-03-30,7.98,8.06,7.65,8.03,768200,8.03
2010-03-29,7.40,7.91,7.35,7.90,947800,7.90
2010-03-26,6.89,7.25,6.89,7.14,556000,7.14
2010-03-25,7.20,7.20,6.53,6.86,1176600,6.86
2010-03-24,7.17,7.20,7.09,7.17,261500,7.17
2010-03-23,7.12,7.34,7.06,7.19,375200,7.19
2010-03-22,6.86,7.26,6.70,7.16,710200,7.16
2010-03-19,7.73,7.73,6.86,6.86,2600600,6.86
2010-03-18,7.90,7.97,7.66,7.75,591100,7.75
2010-03-17,7.88,7.99,7.82,7.91,355700,7.91
2010-03-16,7.57,7.88,7.50,7.83,557800,7.83
2010-03-15,8.09,8.09,7.00,7.68,1227200,7.68
2010-03-12,8.36,8.50,8.11,8.21,461800,8.21
2010-03-11,8.42,8.58,8.32,8.39,528900,8.39
2010-03-10,8.50,8.69,8.40,8.49,596800,8.49
2010-03-09,8.66,8.77,8.39,8.50,780300,8.50
2010-03-08,8.89,8.95,8.58,8.65,937200,8.65
2010-03-05,8.25,8.50,8.25,8.50,714000,8.50
2010-03-04,8.35,8.40,8.16,8.18,364600,8.18
2010-03-03,8.25,8.43,8.19,8.29,576500,8.29
2010-03-02,8.25,8.44,8.13,8.18,1028400,8.18
2010-03-01,7.77,8.10,7.76,7.95,1072400,7.95
2010-02-26,7.78,7.83,7.64,7.70,321900,7.70
2010-02-25,7.63,7.79,7.53,7.74,392500,7.74
2010-02-24,7.67,7.89,7.59,7.67,420500,7.67
2010-02-23,7.81,7.86,7.60,7.68,446000,7.68
2010-02-22,7.67,8.00,7.67,7.80,946500,7.80
2010-02-19,7.72,7.72,7.41,7.49,463900,7.49
2010-02-18,7.67,7.77,7.51,7.54,392700,7.54
2010-02-17,7.79,7.95,7.66,7.72,416200,7.72
2010-02-16,7.50,7.98,7.38,7.73,921200,7.73
2010-02-12,7.24,7.50,7.10,7.45,479400,7.45
2010-02-11,7.38,7.43,6.80,7.32,750700,7.32
2010-02-10,7.39,7.48,7.25,7.39,524500,7.39
2010-02-09,7.34,7.47,7.17,7.36,379800,7.36
2010-02-08,7.08,7.47,6.92,7.23,335400,7.23
2010-02-05,7.05,7.12,6.79,7.10,521600,7.10
2010-02-04,7.34,7.34,6.93,7.13,581800,7.13
2010-02-03,7.68,7.88,7.36,7.42,718100,7.42
2010-02-02,6.99,7.79,6.91,7.69,1686000,7.69
2010-02-01,6.67,6.99,6.52,6.99,387900,6.99
2010-01-29,6.62,6.86,6.40,6.47,341200,6.47
2010-01-28,6.80,6.82,6.51,6.64,284400,6.64
2010-01-27,6.62,6.80,6.54,6.80,187700,6.80
2010-01-26,6.60,6.81,6.43,6.65,262000,6.65
2010-01-25,6.82,7.05,6.60,6.60,264500,6.60
2010-01-22,6.76,7.02,6.72,6.80,653500,6.80
2010-01-21,6.71,6.86,6.65,6.80,609400,6.80
2010-01-20,6.85,6.85,6.62,6.74,297900,6.74
2010-01-19,6.76,6.91,6.73,6.86,290600,6.86
2010-01-15,6.70,6.90,6.49,6.81,730400,6.81
2010-01-14,6.65,6.80,6.65,6.73,394600,6.73
2010-01-13,6.50,6.82,6.34,6.61,377400,6.61
2010-01-12,6.74,6.75,6.42,6.47,301300,6.47
2010-01-11,7.03,7.03,6.64,6.80,325300,6.80
2010-01-08,7.01,7.07,6.91,6.93,312800,6.93
2010-01-07,7.11,7.23,6.91,7.09,424700,7.09
2010-01-06,7.00,7.34,6.70,7.01,1298300,7.01
2010-01-05,6.52,6.62,6.40,6.45,271200,6.45
2010-01-04,6.57,6.70,6.41,6.59,360500,6.59
2009-12-31,6.47,6.52,6.15,6.52,347300,6.52
2009-12-30,6.50,6.58,6.45,6.53,243100,6.53
2009-12-29,6.65,6.70,6.50,6.60,237000,6.60
2009-12-28,6.55,6.68,6.51,6.60,189700,6.60
2009-12-24,6.52,6.61,6.51,6.58,64100,6.58
2009-12-23,6.50,6.59,6.33,6.57,215000,6.57
2009-12-22,6.37,6.50,6.25,6.50,286000,6.50
2009-12-21,6.09,6.41,6.03,6.41,423900,6.41
2009-12-18,6.11,6.15,5.84,6.14,604700,6.14
2009-12-17,6.29,6.29,6.06,6.14,249700,6.14
2009-12-16,6.19,6.30,6.10,6.28,276700,6.28
2009-12-15,6.30,6.30,6.02,6.20,429900,6.20
2009-12-14,6.22,6.30,5.94,6.23,704300,6.23
2009-12-11,5.82,6.21,5.82,6.21,917500,6.21
2009-12-10,5.59,5.84,5.52,5.82,795500,5.82
2009-12-09,5.64,5.65,5.28,5.61,501500,5.61
2009-12-08,5.20,5.76,5.15,5.64,1330500,5.64
2009-12-07,5.00,5.19,4.94,5.01,119200,5.01
2009-12-04,4.83,5.10,4.82,5.06,288000,5.06
2009-12-03,4.75,4.92,4.72,4.80,270400,4.80
2009-12-02,4.80,4.95,4.75,4.76,301100,4.76
2009-12-01,5.17,5.22,4.75,4.80,870200,4.80
2009-11-30,5.31,5.36,4.85,5.15,440100,5.15
2009-11-27,5.17,5.43,5.03,5.37,283200,5.37
2009-11-25,5.48,5.58,5.39,5.43,211000,5.43
2009-11-24,5.44,5.50,5.34,5.46,203500,5.46
2009-11-23,5.36,5.58,5.30,5.39,420200,5.39
2009-11-20,5.52,5.57,5.28,5.30,461800,5.30
2009-11-19,5.50,5.64,5.35,5.52,570300,5.52
2009-11-18,5.24,5.33,5.10,5.28,353600,5.28
2009-11-17,4.95,5.29,4.90,5.22,652300,5.22
2009-11-16,5.03,5.41,4.75,4.84,1025800,4.84
2009-11-13,5.19,5.30,4.95,5.14,914100,5.14
2009-11-12,5.35,5.46,5.13,5.21,437500,5.21
2009-11-11,5.40,5.48,5.30,5.35,274700,5.35
2009-11-10,5.30,5.40,5.20,5.28,277400,5.28
2009-11-09,5.70,5.75,5.20,5.34,818900,5.34
2009-11-06,5.78,5.80,5.53,5.58,225600,5.58
2009-11-05,5.63,5.79,5.54,5.79,257400,5.79
2009-11-04,5.80,5.88,5.51,5.52,201700,5.52
2009-11-03,5.58,5.82,5.57,5.79,287000,5.79
2009-11-02,5.36,5.93,5.35,5.57,638400,5.57
2009-10-30,5.80,5.95,5.39,5.47,464500,5.47
2009-10-29,5.88,6.10,5.82,5.84,461700,5.84
2009-10-28,6.08,6.08,5.55,5.88,1007300,5.88
2009-10-27,6.74,6.79,6.13,6.17,612200,6.17
2009-10-26,6.88,7.01,6.45,6.79,1068500,6.79
2009-10-23,6.25,6.93,6.23,6.76,3322600,6.76
2009-10-22,5.90,5.90,5.33,5.78,514100,5.78
2009-10-21,5.72,6.00,5.69,5.77,351300,5.77
2009-10-20,6.29,6.35,5.42,5.75,1701800,5.75
2009-10-19,6.43,6.69,6.21,6.32,422300,6.32
2009-10-16,6.40,6.61,6.37,6.43,291000,6.43
2009-10-15,6.69,6.69,6.35,6.49,481400,6.49
2009-10-14,6.57,6.74,6.40,6.63,595500,6.63
2009-10-13,6.08,6.36,6.08,6.33,683700,6.33
2009-10-12,6.33,6.57,6.28,6.28,326400,6.28
2009-10-09,6.16,6.40,6.16,6.32,446600,6.32
2009-10-08,6.25,6.47,6.07,6.10,757800,6.10
2009-10-07,5.93,6.28,5.92,6.15,698000,6.15
2009-10-06,5.64,6.02,5.60,5.99,1742900,5.99
2009-10-05,4.79,5.45,4.72,5.42,1537700,5.42
2009-10-02,4.48,4.81,4.35,4.73,535100,4.73
2009-10-01,4.71,4.74,4.50,4.51,460900,4.51
2009-09-30,4.87,4.89,4.70,4.75,214400,4.75
2009-09-29,4.83,4.99,4.83,4.89,131900,4.89
2009-09-28,4.65,4.95,4.61,4.88,323100,4.88
2009-09-25,4.61,4.78,4.56,4.65,283700,4.65
2009-09-24,4.86,4.96,4.57,4.67,611500,4.67
2009-09-23,5.00,5.04,4.87,4.90,496500,4.90
2009-09-22,4.91,5.07,4.86,5.00,712600,5.00
2009-09-21,4.99,5.10,4.84,4.87,407400,4.87
2009-09-18,4.54,5.00,4.50,4.99,957000,4.99
2009-09-17,4.67,4.67,4.52,4.58,317200,4.58
2009-09-16,4.77,4.79,4.56,4.71,717500,4.71
2009-09-15,4.74,4.91,4.42,4.73,922600,4.73
2009-09-14,4.24,4.70,4.12,4.70,1273500,4.70
2009-09-11,3.84,4.38,3.68,4.26,1737300,4.26
2009-09-10,3.55,3.87,3.48,3.80,618700,3.80
2009-09-09,3.29,3.58,3.25,3.51,702100,3.51
2009-09-08,3.05,3.33,3.00,3.29,581100,3.29
2009-09-04,2.83,3.20,2.76,3.05,461000,3.05
2009-09-03,2.64,2.92,2.61,2.87,399300,2.87
2009-09-02,2.79,2.86,2.60,2.77,421500,2.77
2009-09-01,3.12,3.19,2.80,2.80,674600,2.80
2009-08-31,3.10,3.46,3.09,3.16,663000,3.16
2009-08-28,3.11,3.65,3.10,3.23,2324400,3.23
2009-08-27,2.81,2.83,2.56,2.83,808600,2.83
2009-08-26,2.56,2.83,2.55,2.77,484700,2.77
2009-08-25,2.12,2.68,2.12,2.57,639600,2.57
2009-08-24,2.73,2.93,2.52,2.55,694300,2.55
2009-08-21,2.94,3.09,2.67,2.77,486300,2.77
2009-08-20,3.01,3.10,2.91,2.97,184700,2.97
2009-08-19,2.97,3.10,2.55,3.05,503000,3.05
2009-08-18,3.00,3.22,2.92,3.00,535800,3.00
2009-08-17,2.99,3.03,2.88,3.00,666600,3.00
2009-08-14,3.00,3.24,2.94,3.11,1045600,3.11
2009-08-13,2.97,3.00,2.83,2.85,283200,2.85
2009-08-12,2.92,3.00,2.90,2.92,277600,2.92
2009-08-11,2.77,3.00,2.76,2.88,559100,2.88
2009-08-10,2.62,2.89,2.55,2.73,493000,2.73
2009-08-07,2.80,2.91,2.62,2.74,784500,2.74
2009-08-06,2.59,2.82,2.40,2.80,1089300,2.80
2009-08-05,2.35,2.63,2.15,2.56,1042800,2.56
2009-08-04,2.48,2.48,2.23,2.30,645100,2.30
2009-08-03,2.50,2.53,2.36,2.48,772200,2.48
2009-07-31,2.10,2.50,2.07,2.46,1215400,2.46
2009-07-30,2.09,2.15,1.98,2.08,731900,2.08
2009-07-29,1.76,2.10,1.75,2.10,1604600,2.10
2009-07-28,1.82,2.09,1.67,1.75,1060300,1.75
2009-07-27,1.23,1.90,1.23,1.82,1303600,1.82
2009-07-24,0.90,1.31,0.90,1.25,683700,1.25
2009-07-23,0.95,1.05,0.94,1.03,484600,1.03
2009-07-22,0.90,0.95,0.87,0.94,114100,0.94
2009-07-21,0.94,0.95,0.86,0.90,100700,0.90
2009-07-20,0.95,0.95,0.90,0.90,131400,0.90
2009-07-17,0.94,0.95,0.90,0.95,113000,0.95
2009-07-16,0.84,0.94,0.84,0.90,109800,0.90
2009-07-15,0.88,0.91,0.83,0.83,101900,0.83
2009-07-14,0.81,0.89,0.81,0.89,27800,0.89
2009-07-13,0.88,0.88,0.80,0.80,66200,0.80
2009-07-10,0.79,0.88,0.79,0.88,108000,0.88
2009-07-09,0.80,0.81,0.78,0.79,65300,0.79
2009-07-08,0.83,0.83,0.80,0.80,18500,0.80
2009-07-07,0.83,0.84,0.81,0.83,92800,0.83
2009-07-06,0.86,0.87,0.81,0.81,173100,0.81
2009-07-02,0.86,0.88,0.83,0.88,149600,0.88
2009-07-01,0.86,0.88,0.82,0.83,66400,0.83
2009-06-30,0.86,0.90,0.81,0.84,138100,0.84
2009-06-29,0.89,0.90,0.81,0.86,114000,0.86
2009-06-26,0.88,0.89,0.81,0.89,293200,0.89
2009-06-25,0.81,0.84,0.77,0.83,171900,0.83
2009-06-24,0.87,0.87,0.79,0.80,172600,0.80
2009-06-23,0.72,0.82,0.72,0.76,190000,0.76
2009-06-22,0.84,0.84,0.73,0.74,246000,0.74
2009-06-19,0.82,0.82,0.78,0.82,102200,0.82
2009-06-18,0.84,0.87,0.79,0.79,642900,0.79
2009-06-17,0.88,0.89,0.83,0.87,176600,0.87
2009-06-16,0.90,0.93,0.87,0.88,78700,0.88
2009-06-15,0.92,0.94,0.90,0.91,116100,0.91
2009-06-12,0.97,0.97,0.91,0.91,32100,0.91
2009-06-11,0.95,0.96,0.91,0.96,120600,0.96
2009-06-10,0.94,0.96,0.93,0.95,82100,0.95
2009-06-09,0.91,0.95,0.89,0.94,77100,0.94
2009-06-08,0.93,0.97,0.90,0.91,114700,0.91
2009-06-05,0.91,0.96,0.91,0.95,156800,0.95
2009-06-04,0.91,0.93,0.89,0.89,52200,0.89
2009-06-03,0.90,0.96,0.90,0.93,152200,0.93
2009-06-02,0.90,0.95,0.87,0.91,119300,0.91
2009-06-01,0.99,0.99,0.87,0.94,117100,0.94
2009-05-29,0.95,0.96,0.85,0.96,182900,0.96
2009-05-28,1.07,1.07,0.90,0.95,291100,0.95
2009-05-27,1.05,1.05,0.97,1.01,449400,1.01
2009-05-26,0.86,1.07,0.86,1.00,797600,1.00
2009-05-22,0.80,0.87,0.79,0.80,161700,0.80
2009-05-21,0.81,0.84,0.80,0.80,115000,0.80
2009-05-20,0.92,0.94,0.73,0.81,739100,0.81
2009-05-19,1.01,1.01,0.85,0.92,247000,0.92
2009-05-18,1.00,1.05,1.00,1.00,146200,1.00
2009-05-15,1.02,1.09,1.00,1.02,239500,1.02
2009-05-14,1.11,1.15,1.00,1.00,165300,1.00
2009-05-13,1.15,1.15,1.02,1.13,384700,1.13
2009-05-12,1.09,1.13,1.01,1.13,364000,1.13
2009-05-11,1.06,1.10,1.04,1.09,191000,1.09
2009-05-08,1.10,1.10,1.03,1.08,207200,1.08
2009-05-07,1.00,1.10,1.00,1.08,335400,1.08
2009-05-06,1.12,1.13,1.00,1.00,302800,1.00
2009-05-05,1.15,1.15,1.09,1.14,156400,1.14
2009-05-04,1.18,1.21,1.05,1.15,286400,1.15
2009-05-01,0.98,1.13,0.98,1.12,373200,1.12
2009-04-30,1.30,1.40,0.83,1.01,1154400,1.01
2009-04-29,1.09,1.30,1.07,1.25,953200,1.25
2009-04-28,0.89,1.06,0.88,1.02,663600,1.02
2009-04-27,0.76,0.92,0.75,0.86,241900,0.86
2009-04-24,0.72,0.82,0.72,0.78,120200,0.78
2009-04-23,0.77,0.77,0.72,0.72,82700,0.72
2009-04-22,0.73,0.78,0.69,0.77,91000,0.77
2009-04-21,0.68,0.75,0.68,0.72,95000,0.72
2009-04-20,0.75,0.78,0.64,0.75,325400,0.75
2009-04-17,0.85,0.85,0.75,0.75,229400,0.75
2009-04-16,0.75,0.84,0.73,0.83,177300,0.83
2009-04-15,0.75,0.75,0.72,0.75,61400,0.75
2009-04-14,0.77,0.80,0.70,0.70,147900,0.70
2009-04-13,0.78,0.85,0.77,0.81,231200,0.81
2009-04-09,0.70,0.80,0.65,0.77,376500,0.77
2009-04-08,0.52,0.68,0.51,0.65,303000,0.65
2009-04-07,0.60,0.68,0.54,0.55,439400,0.55
2009-04-06,0.77,0.77,0.60,0.62,438200,0.62
2009-04-03,0.98,1.00,0.75,0.77,857200,0.77
2009-04-02,0.95,1.05,0.90,0.98,559200,0.98
2009-04-01,0.78,0.85,0.73,0.85,401100,0.85
2009-03-31,0.55,0.73,0.52,0.72,376600,0.72
2009-03-30,0.58,0.60,0.55,0.56,196000,0.56
2009-03-27,0.50,0.60,0.47,0.60,509900,0.60
2009-03-26,0.49,0.51,0.46,0.46,358200,0.46
2009-03-25,0.42,0.57,0.41,0.41,675900,0.41
2009-03-24,0.37,0.44,0.37,0.43,191800,0.43
2009-03-23,0.40,0.46,0.38,0.42,329700,0.42
2009-03-20,0.32,0.55,0.28,0.42,1328900,0.42
2009-03-19,0.31,0.31,0.26,0.30,229800,0.30
2009-03-18,0.30,0.31,0.26,0.31,151800,0.31
2009-03-17,0.25,0.30,0.25,0.28,88600,0.28
2009-03-16,0.26,0.27,0.24,0.27,92000,0.27
2009-03-13,0.23,0.26,0.23,0.25,66000,0.25
2009-03-12,0.23,0.27,0.23,0.27,136600,0.27
2009-03-11,0.20,0.26,0.20,0.23,223600,0.23
2009-03-10,0.22,0.26,0.20,0.21,348100,0.21
2009-03-09,0.20,0.25,0.20,0.25,146400,0.25
2009-03-06,0.21,0.22,0.20,0.20,205400,0.20
2009-03-05,0.22,0.22,0.20,0.21,154400,0.21
2009-03-04,0.24,0.26,0.22,0.22,74300,0.22
2009-03-03,0.29,0.29,0.20,0.23,224200,0.23
2009-03-02,0.28,0.30,0.25,0.29,194000,0.29
2009-02-27,0.30,0.30,0.28,0.28,52900,0.28
2009-02-26,0.30,0.30,0.28,0.30,131100,0.30
2009-02-25,0.30,0.31,0.28,0.29,89100,0.29
2009-02-24,0.28,0.30,0.27,0.29,118100,0.29
2009-02-23,0.27,0.30,0.27,0.29,169000,0.29
2009-02-20,0.26,0.29,0.25,0.27,159200,0.27
2009-02-19,0.29,0.30,0.28,0.30,41000,0.30
2009-02-18,0.29,0.30,0.28,0.29,67000,0.29
2009-02-17,0.30,0.30,0.28,0.29,72700,0.29
2009-02-13,0.29,0.30,0.28,0.28,39900,0.28
2009-02-12,0.30,0.30,0.28,0.30,121800,0.30
2009-02-11,0.28,0.30,0.27,0.29,38800,0.29
2009-02-10,0.27,0.30,0.27,0.28,88200,0.28
2009-02-09,0.28,0.31,0.27,0.28,83800,0.28
2009-02-06,0.30,0.30,0.27,0.27,134500,0.27
2009-02-05,0.31,0.31,0.28,0.31,83100,0.31
2009-02-04,0.31,0.33,0.27,0.31,404100,0.31
2009-02-03,0.33,0.33,0.31,0.31,108100,0.31
2009-02-02,0.31,0.33,0.31,0.33,39200,0.33
2009-01-30,0.32,0.35,0.31,0.31,47600,0.31
2009-01-29,0.35,0.36,0.31,0.32,64500,0.32
2009-01-28,0.37,0.37,0.33,0.35,285700,0.35
2009-01-27,0.30,0.31,0.29,0.31,78900,0.31
2009-01-26,0.29,0.32,0.28,0.28,60100,0.28
2009-01-23,0.30,0.32,0.28,0.29,87200,0.29
2009-01-22,0.31,0.31,0.29,0.30,25100,0.30
2009-01-21,0.34,0.34,0.28,0.31,87300,0.31
2009-01-20,0.30,0.33,0.28,0.28,81600,0.28
2009-01-16,0.35,0.35,0.29,0.33,83200,0.33
2009-01-15,0.32,0.32,0.25,0.28,327400,0.28
2009-01-14,0.33,0.35,0.30,0.33,407000,0.33
2009-01-13,0.38,0.38,0.33,0.33,158100,0.33
2009-01-12,0.43,0.44,0.33,0.38,405900,0.38
2009-01-09,0.36,0.46,0.36,0.43,653900,0.43
2009-01-08,0.33,0.36,0.33,0.36,280400,0.36
2009-01-07,0.34,0.34,0.31,0.33,149200,0.33
2009-01-06,0.27,0.36,0.27,0.34,794600,0.34
2009-01-05,0.25,0.29,0.25,0.26,507700,0.26
2009-01-02,0.26,0.27,0.25,0.26,392200,0.26
2008-12-31,0.25,0.26,0.24,0.25,374500,0.25
2008-12-30,0.25,0.27,0.25,0.25,638200,0.25
2008-12-29,0.24,0.26,0.24,0.25,387400,0.25
2008-12-26,0.21,0.24,0.20,0.23,362000,0.23
2008-12-24,0.21,0.21,0.20,0.20,94900,0.20
2008-12-23,0.21,0.22,0.20,0.20,230700,0.20
2008-12-22,0.20,0.22,0.20,0.21,288000,0.21
2008-12-19,0.24,0.25,0.19,0.19,984900,0.19
2008-12-18,0.28,0.28,0.24,0.24,300100,0.24
2008-12-17,0.23,0.26,0.23,0.25,527300,0.25
2008-12-16,0.24,0.28,0.23,0.26,460300,0.26
2008-12-15,0.26,0.27,0.23,0.24,286700,0.24
2008-12-12,0.25,0.27,0.25,0.25,401700,0.25
2008-12-11,0.27,0.28,0.25,0.25,378500,0.25
2008-12-10,0.29,0.30,0.25,0.28,386800,0.28
2008-12-09,0.29,0.31,0.24,0.29,1414200,0.29
2008-12-08,0.34,0.34,0.27,0.29,352200,0.29
2008-12-05,0.33,0.33,0.28,0.29,227900,0.29
2008-12-04,0.35,0.39,0.33,0.33,231800,0.33
2008-12-03,0.39,0.39,0.34,0.35,168300,0.35
2008-12-02,0.39,0.39,0.35,0.35,284500,0.35
2008-12-01,0.55,0.55,0.38,0.43,464100,0.43
2008-11-28,0.35,0.37,0.31,0.36,517800,0.36
2008-11-26,0.26,0.38,0.25,0.32,688700,0.32
2008-11-25,0.30,0.30,0.24,0.27,608100,0.27
2008-11-24,0.33,0.33,0.20,0.21,1154200,0.21
2008-11-21,0.36,0.36,0.23,0.24,5156100,0.24
2008-11-20,0.44,0.44,0.32,0.35,349000,0.35
2008-11-19,0.42,0.45,0.38,0.45,271700,0.45
2008-11-18,0.45,0.47,0.40,0.42,143500,0.42
2008-11-17,0.51,0.51,0.45,0.45,154700,0.45
2008-11-14,0.52,0.52,0.46,0.51,76100,0.51
2008-11-13,0.47,0.50,0.45,0.45,181400,0.45
2008-11-12,0.51,0.60,0.47,0.47,240500,0.47
2008-11-11,0.58,0.64,0.53,0.53,228000,0.53
2008-11-10,0.63,0.68,0.54,0.61,398500,0.61
2008-11-07,0.61,0.66,0.61,0.63,141800,0.63
2008-11-06,0.68,0.69,0.61,0.61,200000,0.61
2008-11-05,0.65,0.74,0.60,0.62,409900,0.62
2008-11-04,0.63,0.68,0.59,0.65,443700,0.65
2008-11-03,0.54,0.61,0.50,0.56,429100,0.56
2008-10-31,0.60,0.60,0.48,0.48,1213100,0.48
2008-10-30,0.55,0.68,0.50,0.60,722500,0.60
2008-10-29,0.50,0.55,0.45,0.50,607500,0.50
2008-10-28,0.55,0.56,0.44,0.48,803500,0.48
2008-10-27,0.56,0.60,0.50,0.50,368600,0.50
2008-10-24,0.65,0.68,0.55,0.55,579000,0.55
2008-10-23,0.83,0.88,0.60,0.60,469000,0.60
2008-10-22,0.94,0.94,0.80,0.80,204500,0.80
2008-10-21,1.00,1.02,0.81,0.83,426000,0.83
2008-10-20,0.91,1.00,0.87,0.98,153000,0.98
2008-10-17,0.84,0.94,0.81,0.90,500000,0.90
2008-10-16,0.99,0.99,0.79,0.80,562400,0.80
2008-10-15,1.02,1.03,0.89,0.89,224500,0.89
2008-10-14,1.24,1.29,0.92,1.02,288200,1.02
2008-10-13,1.03,1.10,0.98,1.10,467300,1.10
2008-10-10,0.79,1.09,0.78,0.98,607100,0.98
2008-10-09,1.06,1.10,0.82,0.82,466300,0.82
2008-10-08,1.34,1.40,1.00,1.02,2997300,1.02
2008-10-07,1.34,1.50,1.20,1.31,240400,1.31
2008-10-06,1.41,1.48,1.19,1.40,376100,1.40
2008-10-03,1.59,1.59,1.45,1.49,160000,1.49
2008-10-02,1.76,1.78,1.52,1.54,224200,1.54
2008-10-01,1.67,1.78,1.61,1.75,434700,1.75
2008-09-30,1.94,1.94,1.64,1.65,216800,1.65
2008-09-29,1.92,1.96,1.61,1.96,191000,1.96
2008-09-26,1.98,2.05,1.92,1.99,192700,1.99
2008-09-25,2.02,2.08,1.93,1.98,660900,1.98
2008-09-24,1.93,2.05,1.93,1.97,127000,1.97
2008-09-23,2.07,2.16,1.90,1.94,218800,1.94
2008-09-22,1.96,2.15,1.84,2.02,327400,2.02
2008-09-19,1.97,2.16,1.76,1.92,381100,1.92
2008-09-18,1.87,2.07,1.76,1.91,382400,1.91
2008-09-17,2.09,2.10,1.80,1.86,325900,1.86
2008-09-16,2.14,2.19,2.05,2.13,263000,2.13
2008-09-15,2.26,2.28,2.09,2.14,188200,2.14
2008-09-12,2.50,2.50,2.35,2.37,139900,2.37
2008-09-11,2.40,2.65,2.33,2.54,446800,2.54
2008-09-10,2.50,2.55,2.43,2.46,182600,2.46
2008-09-09,2.80,2.80,2.48,2.51,248300,2.51
2008-09-08,2.82,2.83,2.65,2.80,369000,2.80
2008-09-05,2.61,2.78,2.55,2.78,560100,2.78
2008-09-04,2.54,2.74,2.47,2.70,487900,2.70
2008-09-03,2.50,2.59,2.50,2.52,181700,2.52
2008-09-02,2.48,2.64,2.40,2.51,225200,2.51
2008-08-29,2.40,2.51,2.37,2.40,224400,2.40
2008-08-28,2.35,2.40,2.31,2.40,110200,2.40
2008-08-27,2.27,2.35,2.24,2.33,108800,2.33
2008-08-26,2.16,2.28,2.10,2.26,106500,2.26
2008-08-25,2.21,2.25,2.11,2.18,150500,2.18
2008-08-22,2.18,2.34,2.17,2.26,135700,2.26
2008-08-21,2.18,2.22,2.14,2.20,174600,2.20
2008-08-20,2.25,2.29,2.01,2.22,480800,2.22
2008-08-19,2.35,2.37,2.06,2.10,294000,2.10
2008-08-18,2.35,2.39,2.22,2.38,313300,2.38
2008-08-15,2.25,2.35,2.17,2.30,305000,2.30
2008-08-14,2.16,2.22,2.14,2.20,327100,2.20
2008-08-13,2.03,2.15,2.00,2.13,471500,2.13
2008-08-12,1.98,2.06,1.94,2.00,205700,2.00
2008-08-11,2.00,2.02,1.91,1.98,258500,1.98
2008-08-08,1.93,2.00,1.93,1.96,110500,1.96
2008-08-07,1.90,2.01,1.82,1.97,165400,1.97
2008-08-06,2.00,2.04,1.90,1.93,275700,1.93
2008-08-05,2.02,2.13,1.96,2.03,285200,2.03
2008-08-04,2.08,2.08,1.93,2.02,260000,2.02
2008-08-01,2.02,2.05,1.93,2.01,284300,2.01
2008-07-31,2.00,2.05,1.91,1.98,200900,1.98
2008-07-30,2.00,2.11,1.86,2.00,394900,2.00
2008-07-29,1.71,2.01,1.71,1.99,581600,1.99
2008-07-28,1.74,1.84,1.69,1.81,371200,1.81
2008-07-25,1.69,1.92,1.65,1.68,942500,1.68
2008-07-24,1.78,1.98,1.62,1.64,3150900,1.64
2008-07-23,1.55,1.60,1.46,1.58,478500,1.58
2008-07-22,1.44,1.54,1.39,1.52,460200,1.52
2008-07-21,1.37,1.42,1.36,1.41,164800,1.41
2008-07-18,1.41,1.41,1.34,1.34,143900,1.34
2008-07-17,1.33,1.46,1.29,1.38,367400,1.38
2008-07-16,1.34,1.40,1.27,1.35,378600,1.35
2008-07-15,1.30,1.38,1.27,1.36,413300,1.36
2008-07-14,1.39,1.48,1.27,1.35,455500,1.35
2008-07-11,1.23,1.33,1.18,1.30,577900,1.30
2008-07-10,1.38,1.41,1.16,1.22,681600,1.22
2008-07-09,1.50,1.60,1.32,1.38,365500,1.38
2008-07-08,1.54,1.60,1.49,1.53,286200,1.53
2008-07-07,1.59,1.69,1.52,1.55,190400,1.55
2008-07-03,1.61,1.72,1.57,1.60,127700,1.60
2008-07-02,1.63,1.68,1.58,1.63,350700,1.63
2008-07-01,1.66,1.68,1.60,1.60,386600,1.60
2008-06-30,1.63,1.78,1.59,1.64,542900,1.64
2008-06-27,1.92,1.92,1.47,1.59,11275200,1.59
2008-06-26,2.17,2.20,1.80,1.93,1214100,1.93
2008-06-25,2.25,2.34,2.14,2.20,551600,2.20
2008-06-24,2.33,2.46,2.24,2.25,230500,2.25
2008-06-23,2.31,2.44,2.10,2.35,506400,2.35
2008-06-20,2.41,2.43,2.19,2.32,641500,2.32
2008-06-19,2.29,2.44,2.21,2.43,244200,2.43
2008-06-18,2.28,2.34,2.21,2.29,181200,2.29
2008-06-17,2.47,2.50,2.30,2.31,230400,2.31
2008-06-16,2.32,2.55,2.24,2.47,431800,2.47
2008-06-13,2.27,2.43,2.27,2.36,544600,2.36
2008-06-12,2.36,2.45,2.25,2.26,270000,2.26
2008-06-11,2.49,2.51,2.32,2.35,477500,2.35
2008-06-10,2.60,2.73,2.49,2.49,389300,2.49
2008-06-09,2.86,2.89,2.62,2.64,497300,2.64
2008-06-06,3.00,3.00,2.73,2.87,654200,2.87
2008-06-05,2.98,3.06,2.95,3.06,327000,3.06
2008-06-04,2.97,3.06,2.96,2.98,298300,2.98
2008-06-03,2.81,3.06,2.73,2.99,677400,2.99
2008-06-02,2.93,2.95,2.72,2.81,319000,2.81
2008-05-30,2.80,2.95,2.75,2.95,704800,2.95
2008-05-29,2.63,2.84,2.62,2.80,226300,2.80
2008-05-28,2.57,2.67,2.55,2.67,156900,2.67
2008-05-27,2.62,2.69,2.52,2.57,203600,2.57
2008-05-23,2.70,2.71,2.62,2.64,205300,2.64
2008-05-22,2.80,2.83,2.66,2.72,406200,2.72
2008-05-21,2.83,2.91,2.77,2.78,578000,2.78
2008-05-20,2.82,2.87,2.79,2.80,371500,2.80
2008-05-19,2.89,2.93,2.82,2.84,485700,2.84
2008-05-16,3.00,3.00,2.88,2.91,430400,2.91
2008-05-15,2.96,2.99,2.85,2.95,480100,2.95
2008-05-14,2.95,3.03,2.89,2.97,583400,2.97
2008-05-13,2.85,3.00,2.72,2.96,901300,2.96
2008-05-12,2.90,2.92,2.80,2.85,1172500,2.85
2008-05-09,2.77,2.92,2.73,2.90,643100,2.90
2008-05-08,2.84,2.91,2.75,2.84,613000,2.84
2008-05-07,3.00,3.04,2.84,2.84,733600,2.84
2008-05-06,3.03,3.06,2.97,3.00,931200,3.00
2008-05-05,3.17,3.24,3.04,3.07,648800,3.07
2008-05-02,3.12,3.28,3.10,3.18,736200,3.18
2008-05-01,3.00,3.19,3.00,3.09,470100,3.09
2008-04-30,2.98,3.13,2.98,3.02,574300,3.02
2008-04-29,2.92,2.98,2.79,2.96,554100,2.96
2008-04-28,2.82,2.94,2.74,2.91,817500,2.91
2008-04-25,2.65,2.82,2.61,2.79,819300,2.79
2008-04-24,2.96,2.96,2.45,2.62,2908100,2.62
2008-04-23,3.10,3.28,3.02,3.24,763100,3.24
2008-04-22,3.26,3.28,3.10,3.13,690200,3.13
2008-04-21,3.48,3.50,3.32,3.33,197900,3.33
2008-04-18,3.47,3.49,3.40,3.48,435600,3.48
2008-04-17,3.29,3.40,3.29,3.35,284300,3.35
2008-04-16,3.31,3.43,3.10,3.29,463300,3.29
2008-04-15,3.42,3.44,3.17,3.27,383400,3.27
2008-04-14,3.53,3.55,3.29,3.41,388300,3.41
2008-04-11,3.61,3.62,3.55,3.57,387700,3.57
2008-04-10,3.59,3.70,3.55,3.66,307500,3.66
2008-04-09,3.63,3.71,3.59,3.60,745800,3.60
2008-04-08,3.65,3.68,3.56,3.61,506500,3.61
2008-04-07,3.71,3.75,3.56,3.68,666800,3.68
2008-04-04,3.77,3.77,3.63,3.69,607500,3.69
2008-04-03,3.64,3.82,3.63,3.77,508700,3.77
2008-04-02,3.76,3.97,3.62,3.72,1007300,3.72
2008-04-01,3.64,3.81,3.61,3.81,361800,3.81
2008-03-31,3.57,3.75,3.53,3.60,483100,3.60
2008-03-28,3.80,3.85,3.58,3.59,427700,3.59
2008-03-27,3.98,4.10,3.82,3.88,597600,3.88
2008-03-26,4.03,4.13,3.92,3.95,582300,3.95
2008-03-25,3.94,4.11,3.84,4.06,661700,4.06
2008-03-24,3.55,3.99,3.55,3.93,1358200,3.93
2008-03-20,3.53,3.66,3.10,3.52,1403200,3.52
2008-03-19,3.76,3.91,3.45,3.45,495200,3.45
2008-03-18,3.40,3.80,3.37,3.75,660300,3.75
2008-03-17,3.60,3.62,3.33,3.50,1076400,3.50
2008-03-14,4.01,4.11,3.69,3.79,583100,3.79
2008-03-13,3.73,4.00,3.67,3.98,623200,3.98
2008-03-12,4.01,4.13,3.69,3.73,714200,3.73
2008-03-11,3.67,4.07,3.50,4.00,1501200,4.00
2008-03-10,3.80,4.00,3.39,3.39,923100,3.39
2008-03-07,4.03,4.05,3.66,3.76,926100,3.76
2008-03-06,4.37,4.42,3.91,3.92,1617500,3.92
2008-03-05,4.50,4.69,4.40,4.40,890900,4.40
2008-03-04,4.59,4.59,4.36,4.47,881100,4.47
2008-03-03,4.30,4.66,4.24,4.65,624000,4.65
2008-02-29,4.58,4.58,4.28,4.28,528500,4.28
2008-02-28,4.90,4.94,4.60,4.60,533900,4.60
2008-02-27,5.00,5.02,4.81,4.96,957100,4.96
2008-02-26,4.72,5.08,4.72,5.08,1145700,5.08
2008-02-25,4.47,4.77,4.44,4.74,475600,4.74
2008-02-22,4.66,4.70,4.41,4.45,754500,4.45
2008-02-21,4.94,4.94,4.65,4.66,740100,4.66
2008-02-20,4.72,4.95,4.64,4.90,645400,4.90
2008-02-19,4.83,4.91,4.69,4.70,570300,4.70
2008-02-15,4.86,4.93,4.76,4.76,443000,4.76
2008-02-14,5.14,5.14,4.89,4.89,872000,4.89
2008-02-13,5.10,5.19,4.92,5.07,1591400,5.07
2008-02-12,4.84,5.09,4.84,5.01,1942900,5.01
2008-02-11,4.84,4.99,4.72,4.76,1789900,4.76
2008-02-08,4.98,5.08,4.75,4.79,1933400,4.79
2008-02-07,5.70,5.99,4.94,4.94,5837100,4.94
2008-02-06,7.54,7.54,7.03,7.15,669700,7.15
2008-02-05,7.52,7.77,7.34,7.34,910800,7.34
2008-02-04,8.20,8.28,7.65,7.66,742400,7.66
2008-02-01,7.98,8.32,7.79,8.19,999500,8.19
2008-01-31,7.50,8.12,7.40,7.86,985400,7.86
2008-01-30,7.81,7.87,7.59,7.59,672600,7.59
2008-01-29,7.57,8.00,7.40,7.85,700400,7.85
2008-01-28,6.96,7.55,6.91,7.51,717900,7.51
2008-01-25,7.54,7.60,6.90,6.96,670100,6.96
2008-01-24,7.16,7.53,7.16,7.42,741800,7.42
2008-01-23,6.68,7.48,6.49,7.31,1394000,7.31
2008-01-22,6.25,7.04,6.25,6.83,1055900,6.83
2008-01-18,6.43,6.71,6.40,6.64,767400,6.64
2008-01-17,6.55,6.64,6.47,6.50,566400,6.50
2008-01-16,6.40,6.73,6.40,6.53,793700,6.53
2008-01-15,6.40,6.53,6.35,6.45,889200,6.45
2008-01-14,6.49,6.60,6.46,6.50,1167800,6.50
2008-01-11,6.50,6.59,6.33,6.48,1652300,6.48
2008-01-10,6.52,6.78,6.42,6.64,841100,6.64
2008-01-09,6.44,6.61,6.41,6.57,890100,6.57
2008-01-08,6.83,6.93,6.45,6.48,1410300,6.48
2008-01-07,6.92,6.99,6.62,6.78,708100,6.78
2008-01-04,7.00,7.06,6.84,6.93,1749300,6.93
2008-01-03,7.03,7.17,7.00,7.01,851600,7.01
2008-01-02,7.17,7.17,6.97,7.01,890400,7.01
2007-12-31,7.00,7.16,7.00,7.01,940400,7.01
2007-12-28,7.23,7.50,7.14,7.15,610500,7.15
2007-12-27,7.46,7.52,7.28,7.28,673700,7.28
2007-12-26,7.33,7.60,7.18,7.54,695400,7.54
2007-12-24,7.39,7.50,7.34,7.39,261700,7.39
2007-12-21,7.40,7.52,7.10,7.38,2711000,7.38
2007-12-20,7.13,7.36,7.01,7.36,1042500,7.36
2007-12-19,6.98,7.19,6.84,7.08,1172200,7.08
2007-12-18,6.78,7.05,6.72,7.00,1577300,7.00
2007-12-17,6.20,6.85,6.20,6.61,1832700,6.61
2007-12-14,6.63,6.65,6.11,6.21,5600800,6.21
2007-12-13,7.81,8.25,6.48,6.63,6751600,6.63
2007-12-12,10.29,10.38,9.94,10.08,1072600,10.08
2007-12-11,10.42,10.49,9.95,9.98,989700,9.98
2007-12-10,10.40,10.58,10.30,10.39,646300,10.39
2007-12-07,10.35,10.51,10.28,10.45,576000,10.45
2007-12-06,9.99,10.35,9.93,10.34,622200,10.34
2007-12-05,10.25,10.35,9.92,10.06,624000,10.06
2007-12-04,10.33,10.38,10.12,10.15,616000,10.15
2007-12-03,10.64,10.64,10.39,10.43,724400,10.43
2007-11-30,10.66,10.97,10.64,10.64,802200,10.64
2007-11-29,10.76,10.76,10.55,10.62,606700,10.62
2007-11-28,10.67,10.93,10.56,10.85,755100,10.85
2007-11-27,10.94,10.94,10.60,10.63,958300,10.63
2007-11-26,11.12,11.13,10.67,10.74,654800,10.74
2007-11-23,11.01,11.25,10.84,11.12,163000,11.12
2007-11-21,10.81,11.07,10.79,10.91,941600,10.91
2007-11-20,10.74,11.04,10.66,10.98,857600,10.98
2007-11-19,10.85,10.89,10.70,10.76,721100,10.76
2007-11-16,11.10,11.14,10.87,10.99,579000,10.99
2007-11-15,11.43,11.52,11.00,11.05,613000,11.05
2007-11-14,11.36,11.66,11.29,11.51,822700,11.51
2007-11-13,10.98,11.49,10.94,11.40,973700,11.40
2007-11-12,10.37,11.15,10.31,10.87,934900,10.87
2007-11-09,10.33,10.58,10.16,10.36,671000,10.36
2007-11-08,10.65,10.76,10.35,10.49,1008100,10.49
2007-11-07,10.73,10.93,10.50,10.60,867500,10.60
2007-11-06,10.96,11.00,10.67,10.94,885100,10.94
2007-11-05,11.07,11.12,10.92,10.97,2500400,10.97
2007-11-02,11.20,11.42,11.06,11.24,1189100,11.24
2007-11-01,11.22,11.40,10.90,11.07,2255800,11.07
2007-10-31,10.85,11.57,10.85,11.43,1157600,11.43
2007-10-30,11.00,11.10,10.82,10.87,1092500,10.87
2007-10-29,11.58,11.62,11.00,11.11,1292700,11.11
2007-10-26,11.45,11.78,11.45,11.57,1303600,11.57
2007-10-25,11.89,12.25,11.36,11.45,2086200,11.45
2007-10-24,12.60,12.88,12.35,12.69,1038300,12.69
2007-10-23,13.00,13.07,12.55,12.74,758200,12.74
2007-10-22,12.30,13.04,12.22,12.92,963700,12.92
2007-10-19,12.93,12.98,12.39,12.41,1066800,12.41
2007-10-18,12.90,13.09,12.80,13.00,532500,13.00
2007-10-17,13.25,13.25,12.90,13.00,773700,13.00
2007-10-16,12.90,13.27,12.86,13.25,761600,13.25
2007-10-15,13.32,13.35,12.90,12.96,1340300,12.96
2007-10-12,13.65,13.73,13.24,13.34,1216400,13.34
2007-10-11,14.08,14.12,13.65,13.69,906800,13.69
2007-10-10,14.37,14.54,14.00,14.01,968700,14.01
2007-10-09,14.48,14.75,14.29,14.47,637900,14.47
2007-10-08,14.29,14.75,14.29,14.65,872000,14.65
2007-10-05,14.22,14.43,13.88,14.39,1001300,14.39
2007-10-04,14.42,14.45,13.99,14.06,670400,14.06
2007-10-03,14.06,14.40,13.98,14.35,979700,14.35
2007-10-02,13.97,14.22,13.97,14.02,1183100,14.02
2007-10-01,14.00,14.05,13.85,14.03,1537300,14.03
2007-09-28,14.42,14.48,13.90,13.95,1018300,13.95
2007-09-27,14.62,14.69,14.36,14.48,539700,14.48
2007-09-26,14.90,15.02,14.46,14.50,787700,14.50
2007-09-25,15.09,15.13,14.69,14.87,863800,14.87
2007-09-24,15.59,15.70,15.19,15.26,934400,15.26
2007-09-21,15.85,15.85,15.27,15.59,1053300,15.59
2007-09-20,16.01,16.16,15.69,15.70,777900,15.70
2007-09-19,16.16,16.48,16.09,16.09,725400,16.09
2007-09-18,15.80,16.25,15.52,16.16,832800,16.16
2007-09-17,15.53,15.91,15.18,15.75,1334100,15.75
2007-09-14,15.64,16.200001,15.53,15.62,1601500,15.62
2007-09-13,15.21,16.40,15.01,15.91,7377300,15.91
2007-09-12,17.50,18.00,17.299999,17.40,1125100,17.40
2007-09-11,16.32,17.66,16.280001,17.469999,1945300,17.469999
2007-09-10,16.57,16.65,16.02,16.280001,789500,16.280001
2007-09-07,17.190001,17.27,16.440001,16.58,1255900,16.58
2007-09-06,17.35,17.780001,17.219999,17.59,948600,17.59
2007-09-05,17.25,17.540001,17.08,17.389999,1282800,17.389999
2007-09-04,17.129999,17.73,17.030001,17.459999,664300,17.459999
2007-08-31,17.200001,17.360001,17.09,17.15,644500,17.15
2007-08-30,16.629999,17.18,16.610001,17.09,1582700,17.09
2007-08-29,16.75,17.280001,16.65,17.24,954600,17.24
2007-08-28,17.139999,17.42,16.559999,16.59,947700,16.59
2007-08-27,17.17,17.370001,16.75,17.309999,589200,17.309999
2007-08-24,16.65,17.360001,16.48,17.280001,751700,17.280001
2007-08-23,17.049999,17.049999,16.540001,16.690001,336900,16.690001
2007-08-22,17.200001,17.379999,16.66,17.07,965900,17.07
2007-08-21,16.290001,17.040001,16.23,17.040001,858000,17.040001
2007-08-20,15.83,16.42,15.83,16.34,502700,16.34
2007-08-17,15.84,16.24,15.22,15.79,854700,15.79
2007-08-16,14.56,15.40,14.25,15.33,950300,15.33
2007-08-15,15.30,15.31,14.64,14.66,1179300,14.66
2007-08-14,16.030001,16.49,15.23,15.34,692600,15.34
2007-08-13,16.85,17.450001,15.99,16.00,619600,16.00
2007-08-10,16.00,17.530001,15.76,16.75,1375500,16.75
2007-08-09,16.92,17.10,15.72,16.00,1858600,16.00
2007-08-08,16.98,17.879999,16.91,17.25,1185200,17.25
2007-08-07,17.040001,17.10,16.65,17.08,1096000,17.08
2007-08-06,15.90,17.10,15.90,17.01,1671500,17.01
2007-08-03,16.23,16.469999,15.93,15.97,1226600,15.97
2007-08-02,16.700001,16.700001,16.10,16.27,1015400,16.27
2007-08-01,15.84,16.780001,15.82,16.77,1994100,16.77
2007-07-31,16.15,16.40,15.90,15.94,1053300,15.94
2007-07-30,15.89,16.50,15.84,16.120001,1805100,16.120001
2007-07-27,16.879999,17.049999,15.85,15.93,2401100,15.93
2007-07-26,16.24,17.360001,16.209999,16.99,3075200,16.99
2007-07-25,16.40,16.709999,16.08,16.219999,1176000,16.219999
2007-07-24,16.690001,16.91,16.26,16.299999,652000,16.299999
2007-07-23,17.08,17.24,16.92,16.940001,703900,16.940001
2007-07-20,17.16,17.24,16.860001,17.08,920100,17.08
2007-07-19,17.139999,17.379999,17.040001,17.200001,631800,17.200001
2007-07-18,17.190001,17.35,16.98,17.129999,737200,17.129999
2007-07-17,17.25,17.43,17.25,17.299999,617900,17.299999
2007-07-16,17.389999,17.620001,17.15,17.280001,1108800,17.280001
2007-07-13,16.969999,17.450001,16.92,17.34,981900,17.34
2007-07-12,16.870001,17.290001,16.84,17.059999,993200,17.059999
2007-07-11,16.27,16.85,16.27,16.780001,1039200,16.780001
2007-07-10,16.75,16.77,16.299999,16.299999,743500,16.299999
2007-07-09,16.51,17.00,16.48,16.870001,895300,16.870001
2007-07-06,16.58,16.83,16.49,16.549999,558100,16.549999
2007-07-05,16.440001,16.719999,16.440001,16.629999,685600,16.629999
2007-07-03,16.309999,16.58,16.299999,16.52,325800,16.52
2007-07-02,16.209999,16.559999,16.200001,16.34,727800,16.34
2007-06-29,16.389999,16.67,16.219999,16.219999,920000,16.219999
2007-06-28,16.27,16.50,16.24,16.40,1256300,16.40
2007-06-27,15.95,16.35,15.95,16.32,1420600,16.32
2007-06-26,16.059999,16.15,15.99,16.02,1531200,16.02
2007-06-25,15.97,16.200001,15.94,16.040001,1245700,16.040001
2007-06-22,16.08,16.190001,15.97,16.02,1384700,16.02
2007-06-21,15.98,16.299999,15.96,16.15,1062200,16.15
2007-06-20,16.290001,16.40,15.99,16.030001,1699700,16.030001
2007-06-19,16.549999,16.549999,16.18,16.379999,1880200,16.379999
2007-06-18,16.84,16.93,16.639999,16.68,2128100,16.68
2007-06-15,17.33,17.33,16.690001,16.91,2379600,16.91
2007-06-14,16.41,17.18,16.09,17.129999,4249900,17.129999
2007-06-13,16.870001,17.09,16.690001,16.969999,1387700,16.969999
2007-06-12,16.940001,17.15,16.68,16.85,1592100,16.85
2007-06-11,17.110001,17.219999,16.90,17.049999,1160600,17.049999
2007-06-08,17.32,17.76,17.059999,17.190001,1106600,17.190001
2007-06-07,17.41,17.59,17.17,17.280001,1154300,17.280001
2007-06-06,17.85,17.93,17.299999,17.530001,1805900,17.530001
2007-06-05,18.17,18.27,17.879999,17.969999,537000,17.969999
2007-06-04,17.92,18.379999,17.90,18.299999,750300,18.299999
2007-06-01,18.209999,18.49,17.93,17.98,866800,17.98
2007-05-31,18.00,18.41,17.99,18.120001,762900,18.120001
2007-05-30,17.780001,18.049999,17.68,17.99,479500,17.99
2007-05-29,17.73,18.120001,17.73,17.879999,510300,17.879999
2007-05-25,17.60,17.889999,17.60,17.76,334300,17.76
2007-05-24,17.639999,18.00,17.59,17.620001,653800,17.620001
2007-05-23,17.77,17.99,17.65,17.68,723100,17.68
2007-05-22,17.67,17.92,17.620001,17.780001,606300,17.780001
2007-05-21,17.049999,17.67,17.049999,17.59,1663100,17.59
2007-05-18,17.00,17.190001,16.799999,17.049999,1500200,17.049999
2007-05-17,17.17,17.35,16.950001,16.98,1378200,16.98
2007-05-16,17.360001,17.469999,17.200001,17.25,1017800,17.25
2007-05-15,17.540001,17.85,17.280001,17.309999,849900,17.309999
2007-05-14,17.940001,18.00,17.540001,17.59,473400,17.59
2007-05-11,17.969999,18.10,17.76,18.00,390700,18.00
2007-05-10,18.10,18.219999,17.700001,17.73,597700,17.73
2007-05-09,17.91,18.440001,17.889999,18.15,602600,18.15
2007-05-08,17.92,18.08,17.85,18.059999,510700,18.059999
2007-05-07,18.059999,18.129999,17.90,18.01,696700,18.01
2007-05-04,18.190001,18.190001,17.92,18.02,669800,18.02
2007-05-03,18.60,18.65,17.889999,18.18,652000,18.18
2007-05-02,18.27,18.77,18.27,18.690001,534300,18.690001
2007-05-01,18.49,18.59,18.16,18.379999,936900,18.379999
2007-04-30,18.52,18.860001,18.50,18.540001,898200,18.540001
2007-04-27,18.620001,18.73,18.34,18.639999,896400,18.639999
2007-04-26,17.49,19.030001,17.200001,18.82,2863500,18.82
2007-04-25,17.90,18.60,17.90,18.559999,1840600,18.559999
2007-04-24,17.219999,17.98,17.049999,17.780001,2718500,17.780001
2007-04-23,17.610001,17.67,17.16,17.360001,1627200,17.360001
2007-04-20,17.82,17.82,17.559999,17.690001,287100,17.690001
2007-04-19,17.50,17.719999,17.50,17.60,460200,17.60
2007-04-18,17.540001,17.75,17.51,17.629999,577200,17.629999
2007-04-17,17.50,17.68,17.42,17.58,543700,17.58
2007-04-16,17.41,17.629999,17.41,17.559999,472900,17.559999
2007-04-13,17.35,17.51,17.280001,17.40,441200,17.40
2007-04-12,17.469999,17.51,17.24,17.41,481800,17.41
2007-04-11,17.610001,17.74,17.450001,17.559999,327300,17.559999
2007-04-10,17.559999,17.83,17.50,17.629999,330000,17.629999
2007-04-09,17.690001,17.719999,17.49,17.639999,619500,17.639999
2007-04-05,17.610001,17.709999,17.60,17.68,568500,17.68
2007-04-04,18.120001,18.120001,17.629999,17.66,852100,17.66
2007-04-03,18.25,18.360001,18.030001,18.120001,868700,18.120001
2007-04-02,17.950001,18.23,17.950001,18.219999,588600,18.219999
2007-03-30,17.940001,18.17,17.610001,17.799999,745400,17.799999
2007-03-29,18.40,18.43,17.719999,17.98,399600,17.98
2007-03-28,18.10,18.42,18.00,18.33,742000,18.33
2007-03-27,18.41,18.42,18.09,18.10,429800,18.10
2007-03-26,18.459999,18.559999,18.09,18.52,1602500,18.52
2007-03-23,18.209999,18.51,18.01,18.469999,528700,18.469999
2007-03-22,18.24,18.299999,17.90,18.27,825000,18.27
2007-03-21,17.940001,18.24,17.73,18.219999,600200,18.219999
2007-03-20,17.41,17.82,17.370001,17.790001,461000,17.790001
2007-03-19,17.50,17.75,17.35,17.379999,572300,17.379999
2007-03-16,17.25,17.49,17.129999,17.360001,1801400,17.360001
2007-03-15,17.75,17.780001,17.25,17.280001,1998600,17.280001
2007-03-14,18.309999,18.42,17.540001,17.90,1444900,17.90
2007-03-13,18.75,18.76,18.290001,18.370001,1019900,18.370001
2007-03-12,18.440001,19.040001,18.40,18.76,927600,18.76
2007-03-09,18.25,18.469999,18.129999,18.440001,685000,18.440001
2007-03-08,18.17,18.309999,17.860001,18.07,739200,18.07
2007-03-07,18.17,18.26,18.01,18.059999,778900,18.059999
2007-03-06,18.24,18.450001,18.16,18.26,514300,18.26
2007-03-05,18.01,18.51,17.77,18.27,1349900,18.27
2007-03-02,18.700001,18.790001,18.209999,18.280001,715900,18.280001
2007-03-01,18.23,19.10,18.00,18.790001,1261400,18.790001
2007-02-28,18.66,18.860001,18.25,18.530001,1067900,18.530001
2007-02-27,19.75,19.76,18.549999,18.67,1105200,18.67
2007-02-26,19.85,19.99,19.700001,19.91,1004600,19.91
2007-02-23,19.959999,19.959999,19.610001,19.799999,550700,19.799999
2007-02-22,19.969999,20.00,19.66,19.969999,531900,19.969999
2007-02-21,19.809999,20.049999,19.75,19.91,502100,19.91
2007-02-20,20.00,20.059999,19.719999,19.90,579300,19.90
2007-02-16,19.90,20.10,19.84,20.049999,1067800,20.049999
2007-02-15,19.440001,19.870001,19.280001,19.84,813900,19.84
2007-02-14,18.74,19.459999,18.74,19.379999,1095600,19.379999
2007-02-13,18.65,18.98,18.620001,18.76,600800,18.76
2007-02-12,18.700001,18.77,18.42,18.66,787400,18.66
2007-02-09,19.030001,19.200001,18.65,18.67,1004300,18.67
2007-02-08,19.299999,20.17,18.90,19.059999,2856300,19.059999
2007-02-07,18.790001,19.00,18.51,18.84,651300,18.84
2007-02-06,18.75,18.82,18.33,18.67,812000,18.67
2007-02-05,19.110001,19.110001,18.559999,18.74,830300,18.74
2007-02-02,18.969999,19.24,18.76,19.01,603300,19.01
2007-02-01,18.60,19.549999,18.450001,18.879999,846400,18.879999
2007-01-31,18.10,18.65,18.059999,18.440001,844000,18.440001
2007-01-30,18.059999,18.25,18.059999,18.129999,540300,18.129999
2007-01-29,17.940001,18.280001,17.940001,18.110001,728200,18.110001
2007-01-26,18.02,18.209999,17.85,18.00,544900,18.00
2007-01-25,18.389999,18.450001,17.709999,17.91,587700,17.91
2007-01-24,17.82,18.379999,17.809999,18.25,845100,18.25
2007-01-23,18.110001,18.219999,17.76,17.790001,921700,17.790001
2007-01-22,18.469999,18.549999,17.99,18.129999,628400,18.129999
2007-01-19,18.120001,18.50,18.10,18.40,590900,18.40
2007-01-18,18.26,18.40,18.09,18.10,900700,18.10
2007-01-17,18.40,18.40,18.09,18.17,966200,18.17
2007-01-16,18.40,18.41,18.09,18.290001,1346400,18.290001
2007-01-12,17.52,18.110001,17.52,18.02,1325500,18.02
2007-01-11,17.32,17.790001,17.280001,17.60,1698500,17.60
2007-01-10,16.90,17.26,16.90,17.23,894900,17.23
2007-01-09,16.860001,17.07,16.799999,16.98,1195700,16.98
2007-01-08,17.34,17.360001,16.77,16.90,1671800,16.90
2007-01-05,17.440001,17.709999,17.25,17.309999,611800,17.309999
2007-01-04,17.42,17.700001,17.200001,17.440001,779400,17.440001
2007-01-03,17.309999,17.790001,17.26,17.51,939000,17.51
2006-12-29,17.370001,17.83,17.290001,17.389999,866200,17.389999
2006-12-28,17.450001,17.639999,17.25,17.40,540400,17.40
2006-12-27,17.40,17.549999,17.290001,17.51,361500,17.51
2006-12-26,17.23,17.49,17.219999,17.40,406900,17.40
2006-12-22,17.43,17.49,17.15,17.23,459100,17.23
2006-12-21,17.42,17.780001,17.389999,17.43,542600,17.43
2006-12-20,17.209999,17.77,17.200001,17.549999,584700,17.549999
2006-12-19,17.08,17.27,16.99,17.23,1173000,17.23
2006-12-18,17.530001,17.690001,17.10,17.139999,1386200,17.139999
2006-12-15,17.57,17.91,17.49,17.57,1310500,17.57
2006-12-14,17.68,17.969999,17.57,17.57,1093300,17.57
2006-12-13,17.950001,17.99,17.60,17.67,896500,17.67
2006-12-12,18.02,18.120001,17.73,17.889999,1270700,17.889999
2006-12-11,18.15,18.299999,18.00,18.049999,1126200,18.049999
2006-12-08,18.120001,18.27,18.09,18.129999,716300,18.129999
2006-12-07,18.139999,18.370001,18.10,18.120001,879800,18.120001
2006-12-06,18.40,18.49,17.99,18.01,946700,18.01
2006-12-05,18.24,18.50,18.00,18.360001,1153800,18.360001
2006-12-04,17.67,18.43,17.639999,18.200001,2067900,18.200001
2006-12-01,17.35,17.75,17.25,17.559999,2511300,17.559999
2006-11-30,17.25,17.889999,16.83,17.280001,11033500,17.280001
2006-11-29,20.76,21.190001,20.75,20.99,460100,20.99
2006-11-28,20.82,20.870001,20.51,20.610001,591200,20.610001
2006-11-27,21.299999,21.50,20.780001,20.809999,767500,20.809999
2006-11-24,21.60,21.60,21.07,21.379999,313900,21.379999
2006-11-22,21.75,21.809999,21.40,21.41,561800,21.41
2006-11-21,21.42,21.709999,21.25,21.690001,481800,21.690001
2006-11-20,21.299999,21.49,21.030001,21.309999,474200,21.309999
2006-11-17,21.700001,21.700001,21.200001,21.309999,733700,21.309999
2006-11-16,21.90,21.959999,21.57,21.700001,482100,21.700001
2006-11-15,21.15,21.950001,21.120001,21.74,1182600,21.74
2006-11-14,20.549999,21.24,20.48,21.040001,1051900,21.040001
2006-11-13,20.50,20.58,20.25,20.459999,699300,20.459999
2006-11-10,20.00,20.24,19.950001,20.190001,612200,20.190001
2006-11-09,20.120001,20.17,19.870001,19.940001,691700,19.940001
2006-11-08,19.959999,20.10,19.84,19.99,945400,19.99
2006-11-07,20.10,20.370001,19.940001,19.98,998700,19.98
2006-11-06,19.799999,20.129999,19.73,19.969999,1456100,19.969999
2006-11-03,20.40,20.440001,19.41,19.65,1648900,19.65
2006-11-02,20.60,20.77,20.219999,20.299999,800500,20.299999
2006-11-01,21.540001,21.559999,20.559999,20.690001,1019700,20.690001
2006-10-31,21.200001,21.58,21.040001,21.379999,972400,21.379999
2006-10-30,21.139999,21.139999,20.889999,21.01,852600,21.01
2006-10-27,21.26,21.32,20.860001,21.02,1100000,21.02
2006-10-26,21.01,21.200001,20.15,21.030001,2142200,21.030001
2006-10-25,21.76,22.379999,20.530001,20.77,4223300,20.77
2006-10-24,24.43,25.25,24.10,25.059999,845800,25.059999
2006-10-23,24.24,24.559999,23.93,24.32,307900,24.32
2006-10-20,24.33,24.42,23.77,24.25,291400,24.25
2006-10-19,24.26,24.66,24.030001,24.190001,428100,24.190001
2006-10-18,24.10,24.709999,24.00,24.26,333400,24.26
2006-10-17,24.780001,24.780001,23.98,24.129999,779200,24.129999
2006-10-16,24.66,25.209999,24.389999,25.00,528300,25.00
2006-10-13,24.530001,24.969999,24.389999,24.940001,406500,24.940001
2006-10-12,24.49,24.690001,24.25,24.540001,430800,24.540001
2006-10-11,24.799999,24.799999,24.00,24.48,518500,24.48
2006-10-10,23.610001,25.00,23.610001,24.74,973100,24.74
2006-10-09,22.879999,23.93,22.76,23.57,456700,23.57
2006-10-06,22.940001,23.139999,22.60,22.879999,336300,22.879999
2006-10-05,23.00,23.00,22.549999,22.940001,482700,22.940001
2006-10-04,21.99,22.91,21.83,22.90,555900,22.90
2006-10-03,22.00,22.139999,21.60,21.969999,587600,21.969999
2006-10-02,21.780001,22.280001,21.629999,22.120001,781100,22.120001
2006-09-29,22.00,22.09,21.65,21.879999,847700,21.879999
2006-09-28,22.389999,22.440001,21.84,21.90,518900,21.90
2006-09-27,22.60,22.77,22.219999,22.379999,691400,22.379999
2006-09-26,22.860001,23.07,22.459999,22.66,457900,22.66
2006-09-25,22.07,22.99,21.75,22.82,491300,22.82
2006-09-22,22.139999,22.18,21.77,22.040001,374700,22.040001
2006-09-21,22.75,23.09,22.040001,22.200001,486000,22.200001
2006-09-20,22.90,23.049999,22.530001,22.76,411900,22.76
2006-09-19,22.57,22.969999,22.09,22.629999,646400,22.629999
2006-09-18,22.50,22.690001,22.299999,22.57,498300,22.57
2006-09-15,22.41,22.76,22.25,22.610001,1049900,22.610001
2006-09-14,22.530001,22.549999,21.41,22.15,1299400,22.15
2006-09-13,22.40,22.66,22.209999,22.389999,631100,22.389999
2006-09-12,20.98,22.60,20.84,22.26,1048200,22.26
2006-09-11,19.82,21.389999,19.799999,21.030001,1065900,21.030001
2006-09-08,19.84,20.08,19.719999,19.85,446200,19.85
2006-09-07,19.50,20.360001,19.17,19.75,726500,19.75
2006-09-06,20.25,20.41,19.459999,19.49,710400,19.49
2006-09-05,19.98,20.50,19.889999,20.33,790600,20.33
2006-09-01,19.799999,19.93,19.58,19.780001,488700,19.780001
2006-08-31,19.40,19.950001,19.280001,19.85,895300,19.85
2006-08-30,19.01,19.68,19.01,19.34,967200,19.34
2006-08-29,19.219999,19.389999,19.01,19.190001,785400,19.190001
2006-08-28,19.190001,19.35,19.10,19.190001,750100,19.190001
2006-08-25,19.07,19.52,18.969999,19.25,535400,19.25
2006-08-24,19.139999,19.24,18.950001,18.99,590500,18.99
2006-08-23,19.309999,19.75,19.030001,19.16,569400,19.16
2006-08-22,18.73,19.33,18.719999,19.25,650400,19.25
2006-08-21,19.370001,19.709999,18.48,18.85,1206800,18.85
2006-08-18,19.459999,19.75,19.190001,19.559999,590700,19.559999
2006-08-17,19.75,19.879999,19.370001,19.43,725300,19.43
2006-08-16,19.23,19.780001,19.129999,19.74,681900,19.74
2006-08-15,18.620001,19.370001,18.620001,19.030001,1088700,19.030001
2006-08-14,18.190001,18.860001,18.02,18.459999,973100,18.459999
2006-08-11,17.809999,18.190001,17.690001,18.00,841400,18.00
2006-08-10,18.07,18.15,17.360001,17.889999,1708400,17.889999
2006-08-09,18.809999,18.92,18.110001,18.26,738200,18.26
2006-08-08,19.50,19.52,18.50,18.559999,860500,18.559999
2006-08-07,19.139999,19.65,19.139999,19.40,779600,19.40
2006-08-04,19.60,19.639999,18.93,19.219999,1049800,19.219999
2006-08-03,19.209999,19.50,19.059999,19.35,856200,19.35
2006-08-02,19.639999,19.809999,19.10,19.34,934300,19.34
2006-08-01,20.15,20.48,19.389999,19.57,673500,19.57
2006-07-31,20.35,20.50,20.02,20.15,755600,20.15
2006-07-28,20.17,20.52,20.129999,20.35,1036500,20.35
2006-07-27,20.85,20.90,19.940001,20.040001,1932700,20.040001
2006-07-26,20.99,21.379999,20.60,20.610001,2797600,20.610001
2006-07-25,20.200001,20.549999,19.84,20.09,966500,20.09
2006-07-24,19.68,20.209999,19.620001,20.10,994800,20.10
2006-07-21,19.040001,19.719999,18.99,19.639999,1587200,19.639999
2006-07-20,19.73,19.90,19.01,19.01,1001900,19.01
2006-07-19,18.98,19.98,18.959999,19.610001,769400,19.610001
2006-07-18,19.66,19.690001,18.52,18.98,1880900,18.98
2006-07-17,20.00,20.110001,19.52,19.58,1045100,19.58
2006-07-14,19.98,20.65,19.93,20.07,1381900,20.07
2006-07-13,20.90,20.90,19.75,20.02,1913600,20.02
2006-07-12,22.00,22.32,20.99,21.01,1010500,21.01
2006-07-11,22.02,22.16,21.559999,22.00,595600,22.00
2006-07-10,22.43,22.43,21.93,22.200001,621600,22.200001
2006-07-07,23.00,23.15,22.129999,22.18,644300,22.18
2006-07-06,23.360001,23.459999,22.67,23.00,347200,23.00
2006-07-05,23.610001,23.77,22.75,23.190001,637500,23.190001
2006-07-03,23.18,24.280001,23.01,23.90,635300,23.90
2006-06-30,23.35,23.360001,22.76,22.969999,811500,22.969999
2006-06-29,22.299999,23.24,22.219999,23.17,837400,23.17
2006-06-28,22.50,22.700001,21.799999,22.200001,716800,22.200001
2006-06-27,22.83,23.129999,22.25,22.389999,584900,22.389999
2006-06-26,22.959999,23.129999,22.629999,22.690001,683600,22.690001
2006-06-23,22.76,23.02,22.58,22.84,498200,22.84
2006-06-22,22.48,22.940001,22.41,22.780001,547400,22.780001
2006-06-21,21.84,22.83,21.60,22.52,1072800,22.52
2006-06-20,22.00,22.389999,21.690001,21.84,968400,21.84
2006-06-19,21.84,22.110001,21.629999,21.91,766300,21.91
2006-06-16,21.26,21.90,21.17,21.690001,1874800,21.690001
2006-06-15,22.370001,22.639999,20.280001,21.25,4313100,21.25
2006-06-14,21.809999,22.459999,21.41,22.27,818100,22.27
2006-06-13,21.66,22.200001,21.25,21.860001,954000,21.860001
2006-06-12,22.48,23.00,21.799999,21.860001,788900,21.860001
2006-06-09,23.549999,23.549999,22.34,22.360001,815400,22.360001
2006-06-08,34.759995,34.900005,33.199994,34.510005,1416600,23.00667
2006-06-07,34.540006,36.829994,34.290001,34.960004,2162200,23.306669
2006-06-06,33.499995,34.77,32.809994,34.399996,2287200,22.933331
2006-06-05,34.600004,34.98,33.079994,33.349995,1209900,22.23333
2006-06-02,34.999995,36.199994,34.549996,34.98,1254100,23.32
2006-06-01,32.76,33.490005,32.500005,33.430006,646000,22.286671
2006-05-31,33.27,33.51,32.410006,32.76,1140400,21.84
2006-05-30,34.540006,35.239995,33.060001,33.229995,1046400,22.15333
2006-05-26,34.750005,34.77,34.300006,34.609995,499500,23.07333
2006-05-25,34.89,34.999995,34.150005,34.639996,816600,23.09333
2006-05-24,34.98,35.179994,33.75,34.399996,1071400,22.933331
2006-05-23,35.650005,36.150001,34.990005,34.990005,1006800,23.32667
2006-05-22,35.509995,35.800006,33.700004,35.479995,1624900,23.65333
2006-05-19,34.74,35.49,34.150005,34.999995,985300,23.33333
2006-05-18,36.420001,36.880005,34.189994,34.62,1232400,23.08
2006-05-17,37.540006,37.540006,35.830004,36.259995,1526200,24.17333
2006-05-16,37.77,38.099999,37.570006,37.639996,1564800,25.09333
2006-05-15,37.450004,38.380005,36.87,37.330004,849400,24.886669
2006-05-12,39.859995,39.859995,35.910001,37.459994,2498400,24.97333
2006-05-11,40.870005,40.870005,39.739995,39.790006,648000,26.52667
2006-05-10,40.099995,40.840004,39.649996,40.589999,966000,27.059999
2006-05-09,39.599999,40.240005,39.430006,40.009995,1179400,26.67333
2006-05-08,40.410001,40.410001,39.250005,39.420001,1230100,26.280001
2006-05-05,41.500005,41.500005,40.23,40.410001,499800,26.940001
2006-05-04,40.669996,41.219999,40.369995,41.200004,620100,27.466669
2006-05-03,40.360004,40.660006,39.900001,40.489995,661900,26.99333
2006-05-02,39.919996,40.699994,39.610004,40.180006,841800,26.786671
2006-05-01,40.000005,40.429994,39.75,39.910006,1519800,26.60667
2006-04-28,40.699994,40.900005,39.880005,39.959999,883900,26.639999
2006-04-27,40.540006,40.990005,39.900001,40.609995,850500,27.07333
2006-04-26,40.939994,41.099999,39.160006,40.540006,2869000,27.02667
2006-04-25,41.430001,42.400005,41.350004,41.579999,1326900,27.719999
2006-04-24,42.00,42.780001,40.609995,41.149996,1500300,27.433331
2006-04-21,39.970004,41.25,39.689999,40.999995,1511500,27.33333
2006-04-20,40.189994,40.199999,39.449999,39.850004,737700,26.566669
2006-04-19,39.049996,40.099995,38.910001,40.090004,724800,26.726669
2006-04-18,37.900005,39.049996,37.840004,38.839994,981100,25.89333
2006-04-17,38.800006,38.959994,36.910006,37.999995,3147600,25.33333
2006-04-13,39.799996,39.919996,39.150001,39.349995,387000,26.23333
2006-04-12,38.939999,39.700004,38.740005,39.700004,362200,26.466669
2006-04-11,40.249995,40.249995,38.659996,38.800006,705900,25.866671
2006-04-10,40.11,40.98,39.880005,40.030005,673900,26.68667
2006-04-07,41.239995,41.419996,39.900001,39.910006,965700,26.60667
2006-04-06,40.510005,41.689994,40.120005,41.029996,880800,27.353331
2006-04-05,40.000005,40.62,39.640005,40.450004,649200,26.966669
2006-04-04,39.700004,40.129995,39.409996,39.799996,717600,26.533331
2006-04-03,39.810001,40.180006,39.430006,39.730004,628500,26.48667
2006-03-31,39.930001,40.50,38.670001,39.550006,688600,26.366671
2006-03-30,41.099999,41.25,38.550001,39.769996,1194900,26.51333
2006-03-29,39.640005,41.099999,39.449999,41.080004,1297200,27.386669
2006-03-28,39.649996,39.75,38.819999,39.490005,845200,26.32667
2006-03-27,39.640005,39.760005,38.809994,39.569999,846400,26.379999
2006-03-24,39.089999,39.550006,38.599995,39.27,892600,26.18
2006-03-23,36.780001,39.900001,36.780001,39.060001,3656100,26.040001
2006-03-22,36.319994,36.75,36.27,36.679994,910200,24.453329
2006-03-21,36.049996,36.559994,35.920006,36.049996,521800,24.033331
2006-03-20,36.75,37.309994,36.199994,36.490005,757600,24.32667
2006-03-17,36.589994,36.619995,36.100004,36.51,804300,24.34
2006-03-16,36.349995,36.889996,36.100004,36.499995,747600,24.33333
2006-03-15,35.779996,36.079994,35.599995,35.980004,606600,23.98667
2006-03-14,36.019996,36.019996,35.189999,35.749995,507600,23.83333
2006-03-13,35.310001,36.580004,35.25,35.939999,837000,23.959999
2006-03-10,34.800001,35.200004,34.74,35.149996,865500,23.433331
2006-03-09,35.059994,35.25,34.680001,34.759995,961000,23.17333
2006-03-08,35.749995,35.749995,34.62,34.849995,1456300,23.23333
2006-03-07,36.060001,36.12,35.380005,35.73,968100,23.82
2006-03-06,36.379995,36.619995,35.929994,36.030001,799300,24.02
2006-03-03,36.700004,37.189994,36.040006,36.100004,638500,24.066669
2006-03-02,36.790006,37.199999,36.739995,36.799996,873300,24.533331
2006-03-01,36.790006,36.949994,36.499995,36.739995,711000,24.49333
2006-02-28,36.900001,36.940006,36.259995,36.550006,826500,24.366671
2006-02-27,36.559994,37.660006,36.400005,36.829994,1044300,24.553329
2006-02-24,36.39,36.760005,36.040006,36.310006,712500,24.206671
2006-02-23,35.339999,37.069994,35.200004,36.319994,1418500,24.213329
2006-02-22,35.209994,35.76,35.149996,35.449994,278800,23.633329
2006-02-21,35.500005,35.800006,34.77,35.209994,380400,23.47333
2006-02-17,35.440006,35.959994,34.399996,35.269996,680200,23.51333
2006-02-16,34.339994,35.470004,34.219995,35.459999,988800,23.639999
2006-02-15,34.360004,34.800001,33.859995,34.319999,542200,22.879999
2006-02-14,34.180006,34.549996,33.859995,34.219995,1375500,22.81333
2006-02-13,34.86,35.149996,33.799996,34.090004,592300,22.726669
2006-02-10,34.750005,34.930006,33.27,34.800001,1239600,23.200001
2006-02-09,36.839999,36.839999,34.840004,34.930006,1127400,23.286671
2006-02-08,35.76,37.079999,35.76,36.719999,1921200,24.48
2006-02-07,35.449994,36.250005,35.329994,35.76,1423600,23.84
2006-02-06,34.300006,35.88,34.290001,35.809994,1924000,23.873329
2006-02-03,34.000005,35.350004,33.709994,34.789996,1627800,23.193331
2006-02-02,33.160006,34.480004,32.539996,33.829994,3546000,22.553329
2006-02-01,30.75,33.48,30.75,33.190006,8464800,22.126671
2006-01-31,27.36,27.850004,26.719995,27.599999,1693200,18.40
2006-01-30,27.00,27.48,26.860004,27.400005,469500,18.26667
2006-01-27,27.63,27.63,26.770005,26.849999,427200,17.90
2006-01-26,26.849999,27.540001,26.73,27.51,701400,18.34
2006-01-25,27.010005,27.100004,26.189999,26.52,757000,17.68
2006-01-24,27.169996,27.190006,26.710004,27.00,494200,18.00
2006-01-23,27.460004,27.610004,26.950004,27.100004,692200,18.066669
2006-01-20,26.969999,28.750005,26.959994,27.150001,1302900,18.10
2006-01-19,26.899996,27.070006,26.699999,26.839994,226600,17.89333
2006-01-18,26.500005,27.089999,26.310001,26.749995,392100,17.83333
2006-01-17,26.849999,26.849999,26.269996,26.64,465000,17.76
2006-01-13,27.109995,27.280005,26.599995,26.869995,475900,17.91333
2006-01-12,28.14,28.14,26.860004,27.060001,1165200,18.040001
2006-01-11,28.669996,28.669996,27.329999,27.400005,1222500,18.26667
2006-01-10,28.549996,28.720004,28.309994,28.609995,625000,19.07333
2006-01-09,28.429994,28.870005,28.300006,28.540006,1035600,19.02667
2006-01-06,29.020005,29.020005,28.219995,28.360004,675700,18.90667
2006-01-05,28.060006,29.389996,28.000005,28.650001,1610800,19.10
2006-01-04,28.570006,28.600004,27.780001,27.970004,923400,18.646669
2006-01-03,27.599999,28.579994,27.400005,28.300006,1620000,18.866671
2005-12-30,27.970004,27.970004,27.209999,27.349995,465000,18.23333
2005-12-29,28.50,28.50,27.900001,27.900001,393000,18.60
2005-12-28,28.38,28.750005,27.940006,28.50,556200,19.00
2005-12-27,28.339994,28.579994,28.240005,28.390005,602400,18.92667
2005-12-23,27.649996,28.330004,27.540001,28.219995,569100,18.81333
2005-12-22,27.349995,27.730004,27.199994,27.449999,490300,18.299999
2005-12-21,27.449999,27.679994,27.169996,27.39,542100,18.26
2005-12-20,27.689999,27.689999,27.199994,27.329999,604200,18.219999
2005-12-19,27.900001,27.949994,27.400005,27.490005,962700,18.32667
2005-12-16,27.959999,28.579994,27.75,27.829994,1866700,18.553329
2005-12-15,27.160006,27.940006,27.010005,27.799996,984100,18.533331
2005-12-14,27.220004,27.349995,26.620005,27.139996,1650300,18.09333
2005-12-13,26.470004,26.61,25.920001,26.099999,773500,17.40
2005-12-12,26.49,27.089999,26.069999,26.470004,762900,17.646669
2005-12-09,25.920001,26.749995,25.669996,26.280001,998800,17.52
2005-12-08,25.399996,25.849995,25.330004,25.759995,422400,17.17333
2005-12-07,25.999995,26.029996,25.050001,25.459994,1191900,16.97333
2005-12-06,25.690006,26.099999,25.609995,25.840004,607800,17.226669
2005-12-05,25.729995,25.999995,25.199999,25.759995,959800,17.17333
2005-12-02,24.949994,25.840004,24.87,25.630005,1047600,17.08667
2005-12-01,24.00,24.87,23.82,24.799996,1335000,16.533331
2005-11-30,23.969999,24.160006,23.809995,23.969999,503700,15.98
2005-11-29,23.61,24.180001,23.500005,23.88,821100,15.92
2005-11-28,23.500005,23.530005,23.099999,23.389996,1236700,15.59333
2005-11-25,23.299995,23.380005,23.099999,23.219999,213400,15.48
2005-11-23,22.759995,23.49,22.360004,23.149994,773800,15.43333
2005-11-22,22.289999,22.849995,22.060005,22.710001,439200,15.14
2005-11-21,22.039995,22.459994,22.009995,22.38,354300,14.92
2005-11-18,22.600006,22.630005,21.919995,22.20,411900,14.80
2005-11-17,22.099995,22.489995,22.039995,22.38,276600,14.92
2005-11-16,22.50,22.50,21.760005,22.120005,397800,14.74667
2005-11-15,22.23,23.059995,21.949996,22.330005,962500,14.88667
2005-11-14,22.05,22.450005,21.99,22.360004,537000,14.90667
2005-11-11,22.530001,22.80,21.919995,22.090005,461800,14.72667
2005-11-10,22.14,22.759995,21.99,22.600006,761700,15.06667
2005-11-09,21.889996,22.369995,21.859995,22.26,493800,14.84
2005-11-08,22.390005,22.420004,21.840001,21.979995,513000,14.65333
2005-11-07,22.399994,22.83,22.180005,22.530001,538200,15.02
2005-11-04,22.030005,22.50,21.700005,22.459994,712000,14.97333
2005-11-03,22.429995,22.77,22.05,22.249995,803400,14.83333
2005-11-02,21.99,22.489995,21.910006,22.20,898300,14.80
2005-11-01,21.93,22.150005,21.649994,21.979995,502000,14.65333
2005-10-31,21.520005,22.060005,21.520005,21.900001,623500,14.60
2005-10-28,21.499995,22.000005,21.39,21.619995,829800,14.41333
2005-10-27,22.009995,22.150005,21.469995,21.499995,953500,14.33333
2005-10-26,21.910006,22.450005,21.39,22.240005,3068700,14.82667
2005-10-25,20.07,20.230004,19.89,20.080005,865200,13.38667
2005-10-24,19.650001,20.31,19.650001,19.98,483300,13.32
2005-10-21,19.000005,19.810005,19.000005,19.62,706500,13.08
2005-10-20,19.549995,19.810005,18.769996,19.000005,767100,12.66667
2005-10-19,18.30,19.50,18.30,19.489995,1871700,12.99333
2005-10-18,18.090001,18.199996,17.689995,18.160006,541000,12.10667
2005-10-17,18.409995,18.42,17.770005,18.280005,669100,12.18667
2005-10-14,17.779994,18.400005,17.599995,18.24,381000,12.16
2005-10-13,17.950005,17.989995,17.410006,17.76,448800,11.84
2005-10-12,18.580005,18.63,17.320005,17.860004,808800,11.90667
2005-10-11,18.820005,19.000005,18.469995,18.559995,1248700,12.37333
2005-10-10,18.700005,19.009995,18.499995,18.499995,842200,12.33333
2005-10-07,18.559995,18.889996,18.319995,18.580005,358500,12.38667
2005-10-06,18.840001,19.000005,18.040006,18.430005,853300,12.28667
2005-10-05,19.50,19.600006,18.199996,18.649994,2143900,12.43333
2005-10-04,19.999995,20.239995,19.86,19.900005,453100,13.26667
2005-10-03,19.999995,20.400001,19.86,19.990005,377500,13.32667
2005-09-30,19.999995,20.080005,19.750005,19.98,447100,13.32
2005-09-29,20.159999,20.159999,19.650001,20.01,324400,13.34
2005-09-28,20.020005,20.350006,20.020005,20.110004,349300,13.40667
2005-09-27,20.059995,20.260005,19.519996,20.050004,438600,13.36667
2005-09-26,20.059995,20.470006,19.900005,20.200005,415000,13.46667
2005-09-23,19.300004,20.110004,19.249995,20.01,718300,13.34
2005-09-22,19.180005,19.510005,19.060005,19.240005,925600,12.82667
2005-09-21,19.50,19.669995,18.719999,19.249995,1890100,12.83333
2005-09-20,20.07,20.64,19.11,19.360004,3222100,12.90667
2005-09-19,21.700005,21.799995,20.789999,21.00,926200,14.00
2005-09-16,21.289995,21.790006,21.210001,21.700005,821100,14.46667
2005-09-15,20.989995,21.319995,20.620005,21.130005,1009600,14.08667
2005-09-14,20.299995,21.439995,20.179995,20.839994,2948500,13.89333
2005-09-13,19.870005,19.95,19.210005,19.300004,420400,12.86667
2005-09-12,19.519996,19.999995,19.450005,19.819995,309600,13.21333
2005-09-09,19.270005,19.669995,19.26,19.600006,267400,13.06667
2005-09-08,19.469999,19.469999,19.150005,19.279994,401200,12.85333
2005-09-07,19.069995,19.600006,19.069995,19.459994,838500,12.97333
2005-09-06,19.150005,19.279994,19.000005,19.17,367200,12.78
2005-09-02,19.409999,19.429995,18.99,19.05,259600,12.70
2005-09-01,19.339994,19.399994,18.949996,19.360004,517500,12.90667
2005-08-31,18.93,19.369995,18.539999,19.330005,468600,12.88667
2005-08-30,19.02,19.270005,18.790006,18.93,443400,12.62
2005-08-29,18.889996,19.000005,18.42,18.910006,516700,12.60667
2005-08-26,19.810005,19.86,18.880005,18.889996,727900,12.59333
2005-08-25,19.870005,20.13,19.699996,19.819995,375700,13.21333
2005-08-24,19.95,20.52,19.83,19.879995,554400,13.25333
2005-08-23,20.350006,20.380005,19.669995,20.01,525300,13.34
2005-08-22,19.83,20.340001,19.83,20.31,530800,13.54
2005-08-19,19.86,19.98,19.720006,19.780005,253500,13.18667
2005-08-18,19.969995,20.07,19.56,19.789995,333600,13.19333
2005-08-17,19.759995,20.149994,19.270005,19.999995,497800,13.33333
2005-08-16,20.770005,20.779994,19.650001,19.810005,463800,13.20667
2005-08-15,20.219999,20.76,20.140005,20.70,325800,13.80
2005-08-12,20.419995,20.569995,19.999995,20.239995,461100,13.49333
2005-08-11,20.500005,20.82,20.290006,20.509995,344400,13.67333
2005-08-10,20.680005,21.079996,20.260005,20.55,556800,13.70
2005-08-09,20.500005,20.839994,20.500005,20.599995,383100,13.73333
2005-08-08,20.719995,20.839994,20.43,20.500005,399600,13.66667
2005-08-05,20.539995,20.860004,20.350006,20.719995,628300,13.81333
2005-08-04,21.349995,21.349995,20.25,20.539995,712800,13.69333
2005-08-03,21.640005,21.81,21.42,21.48,561700,14.32
2005-08-02,21.51,21.780001,21.36,21.739995,448600,14.49333
2005-08-01,21.370005,21.739995,21.250005,21.51,594300,14.34
2005-07-29,21.469995,21.499995,20.929995,21.310005,568300,14.20667
2005-07-28,20.920004,21.790006,20.899994,21.48,1216500,14.32
2005-07-27,22.069995,22.180005,20.470006,20.67,3869100,13.78
2005-07-26,19.870005,19.92,19.150005,19.17,1859500,12.78
2005-07-25,20.400001,20.599995,19.999995,19.999995,889200,13.33333
2005-07-22,21.400005,21.400005,19.590001,20.500005,1252900,13.66667
2005-07-21,22.56,22.56,21.529994,21.529994,280900,14.35333
2005-07-20,21.880005,22.56,21.799995,22.540006,403500,15.02667
2005-07-19,21.760005,22.05,21.75,21.970006,348000,14.64667
2005-07-18,21.760005,21.979995,21.739995,21.81,230800,14.54
2005-07-15,21.559995,22.009995,21.539999,21.829996,139900,14.55333
2005-07-14,22.129995,22.219995,21.719999,21.81,257400,14.54
2005-07-13,21.659999,22.219995,21.599999,21.979995,257700,14.65333
2005-07-12,21.850006,22.05,21.45,21.790006,248700,14.52667
2005-07-11,21.24,21.970006,21.199996,21.850006,474300,14.56667
2005-07-08,21.019996,21.490005,21.019996,21.199996,476800,14.13333
2005-07-07,21.430005,21.469995,20.749995,21.199996,456000,14.13333
2005-07-06,21.640005,21.739995,21.319995,21.559995,194100,14.37333
2005-07-05,21.169995,21.790006,21.169995,21.659999,358500,14.44
2005-07-01,21.490005,21.499995,20.980004,21.220006,565200,14.14667
2005-06-30,22.039995,22.14,21.370005,21.430005,318600,14.28667
2005-06-29,21.700005,21.900001,21.48,21.820005,234100,14.54667
2005-06-28,21.36,22.009995,21.30,21.679995,455200,14.45333
2005-06-27,21.00,21.370005,20.860004,21.150001,340900,14.10
2005-06-24,21.220006,21.220006,20.740005,21.019996,635200,14.01333
2005-06-23,21.42,21.51,21.109995,21.220006,436500,14.14667
2005-06-22,21.39,21.520005,21.18,21.490005,686700,14.32667
2005-06-21,20.890005,21.48,20.800004,21.36,510700,14.24
2005-06-20,20.909999,21.109995,20.719995,20.869995,698400,13.91333
2005-06-17,21.559995,21.599999,20.509995,20.909999,987600,13.94
2005-06-16,21.640005,21.880005,21.150001,21.400005,633300,14.26667
2005-06-15,22.150005,22.210005,21.51,21.640005,655800,14.42667
2005-06-14,22.330005,22.480004,21.900001,22.480004,525700,14.98667
2005-06-13,21.900001,22.240005,21.760005,22.180005,646200,14.78667
2005-06-10,21.979995,22.099995,21.69,21.919995,591600,14.61333
2005-06-09,21.289995,22.05,21.00,21.87,1025400,14.58
2005-06-08,22.000005,22.099995,21.019996,21.109995,695100,14.07333
2005-06-07,22.279994,22.429995,21.829996,21.850006,656200,14.56667
2005-06-06,22.540006,22.609995,22.099995,22.289999,955600,14.86
2005-06-03,24.019996,24.019996,21.589994,22.62,1739200,15.08
2005-06-02,23.989995,24.349995,23.849999,24.199994,340000,16.133329
2005-06-01,24.449999,24.490005,23.73,24.089999,458700,16.059999
2005-05-31,24.400005,24.730004,24.300001,24.300001,811600,16.200001
2005-05-27,24.460004,24.499995,24.169996,24.499995,374200,16.33333
2005-05-26,24.00,24.400005,23.969999,24.310006,454000,16.206671
2005-05-25,23.849999,24.250005,23.849999,24.040006,666000,16.02667
2005-05-24,23.969999,24.169996,23.839994,23.88,331300,15.92
2005-05-23,24.160006,24.349995,23.94,23.969999,551500,15.98
2005-05-20,23.719995,24.24,23.460001,24.24,415800,16.16
2005-05-19,23.770005,24.010005,23.539995,23.740005,283500,15.82667
2005-05-18,22.98,24.070006,22.86,23.680005,1075200,15.78667
2005-05-17,22.38,22.89,22.300004,22.870005,356500,15.24667
2005-05-16,21.709994,22.549995,21.69,22.549995,264100,15.03333
2005-05-13,21.99,22.099995,21.48,21.719999,299700,14.48
2005-05-12,22.540006,22.900005,21.790006,22.000005,526000,14.66667
2005-05-11,22.450005,22.960005,22.05,22.810005,332200,15.20667
2005-05-10,22.669995,22.900005,22.26,22.300004,327300,14.86667
2005-05-09,22.630005,23.059995,22.570005,23.050004,491500,15.36667
2005-05-06,22.390005,22.83,22.279994,22.699996,434100,15.13333
2005-05-05,22.600006,22.83,22.17,22.289999,798700,14.86
2005-05-04,22.600006,22.900005,22.32,22.600006,741600,15.06667
2005-05-03,22.95,23.050004,22.38,22.530001,635400,15.02
2005-05-02,22.000005,23.239995,22.000005,22.999995,934500,15.33333
2005-04-29,22.660006,22.89,21.900001,22.120005,831100,14.74667
2005-04-28,22.50,23.089994,22.469999,22.650001,1248000,15.10
2005-04-27,22.000005,23.230004,21.250005,22.74,3058200,15.16
2005-04-26,19.660006,20.509995,19.480004,19.83,830800,13.22
2005-04-25,19.20,19.960005,19.099995,19.810005,622800,13.20667
2005-04-22,19.570005,19.570005,18.640005,18.99,414000,12.66
2005-04-21,18.87,19.56,18.850006,19.519996,477900,13.01333
2005-04-20,19.50,19.650001,18.659999,18.75,541200,12.50
2005-04-19,19.090005,19.450005,19.000005,19.450005,328600,12.96667
2005-04-18,18.379995,19.349999,18.340005,19.030005,542400,12.68667
2005-04-15,18.799995,18.850006,18.340005,18.340005,662500,12.22667
2005-04-14,18.769996,18.850006,18.18,18.700005,772200,12.46667
2005-04-13,19.009995,19.150005,18.539999,18.610004,929800,12.40667
2005-04-12,19.249995,19.289999,18.700005,19.090005,775800,12.72667
2005-04-11,19.80,19.900005,19.039995,19.14,634800,12.76
2005-04-08,20.299995,20.299995,19.50,19.759995,678900,13.17333
2005-04-07,20.509995,20.539995,20.149994,20.269996,457000,13.51333
2005-04-06,20.779994,21.00,20.380005,20.440005,306600,13.62667
2005-04-05,20.620005,21.00,20.590005,20.650005,288900,13.76667
2005-04-04,19.969995,20.779994,19.840005,20.569995,371400,13.71333
2005-04-01,20.440005,20.929995,19.840005,19.999995,476500,13.33333
2005-03-31,20.70,20.719995,20.179995,20.440005,516100,13.62667
2005-03-30,19.999995,20.749995,19.909995,20.689995,690900,13.79333
2005-03-29,20.969999,20.969999,19.89,19.960005,794200,13.30667
2005-03-28,21.289995,21.460005,20.800004,20.869995,428500,13.91333
2005-03-24,21.289995,21.610004,21.139996,21.139996,288100,14.09333
2005-03-23,21.769996,21.87,21.24,21.280005,707700,14.18667
2005-03-22,21.840001,22.23,21.700005,21.769996,419800,14.51333
2005-03-21,21.439995,21.829996,21.319995,21.75,313600,14.50
2005-03-18,21.679995,21.780001,21.199996,21.649994,688200,14.43333
2005-03-17,21.700005,22.009995,21.439995,21.69,465300,14.46
2005-03-16,21.210001,21.769996,21.199996,21.610004,441000,14.40667
2005-03-15,22.000005,22.05,21.24,21.250005,499300,14.16667
2005-03-14,21.739995,22.099995,21.739995,21.910006,375100,14.60667
2005-03-11,21.919995,22.750005,21.799995,21.840001,1007500,14.56
2005-03-10,20.899994,22.44,20.899994,21.919995,1667200,14.61333
2005-03-09,21.229995,21.229995,20.620005,20.620005,532000,13.74667
2005-03-08,21.150001,21.250005,20.909999,21.00,469200,14.00
2005-03-07,21.520005,22.000005,21.12,21.18,265600,14.12
2005-03-04,21.550004,21.780001,21.259995,21.559995,289600,14.37333
2005-03-03,21.81,21.889996,21.130005,21.379995,334900,14.25333
2005-03-02,21.229995,22.08,21.00,21.51,945300,14.34
2005-03-01,20.710005,21.229995,20.530005,21.070005,942300,14.04667
2005-02-28,20.629995,20.839994,20.239995,20.680005,359700,13.78667
2005-02-25,20.500005,20.64,20.159999,20.569995,251100,13.71333
2005-02-24,20.029994,20.599995,19.879995,20.569995,412500,13.71333
2005-02-23,19.960005,20.19,19.849995,19.960005,437500,13.30667
2005-02-22,19.999995,20.099999,19.699996,19.750005,451300,13.16667
2005-02-18,20.25,20.280001,19.849995,20.059995,666900,13.37333
2005-02-17,21.210001,21.310005,20.110004,20.149994,863100,13.43333
2005-02-16,20.899994,21.150001,19.750005,21.00,962100,14.00
2005-02-15,21.00,21.00,20.800004,20.989995,403300,13.99333
2005-02-14,20.800004,21.00,20.70,20.989995,414300,13.99333
2005-02-11,20.989995,21.00,20.650005,20.929995,488800,13.95333
2005-02-10,19.83,21.079996,19.819995,20.830005,1278000,13.88667
2005-02-09,20.909999,21.790006,18.460005,19.89,3009100,13.26
2005-02-08,20.209994,20.749995,20.089994,20.620005,494400,13.74667
2005-02-07,20.449996,20.969999,19.86,20.350006,861900,13.56667
2005-02-04,19.570005,20.599995,19.570005,20.569995,733600,13.71333
2005-02-03,19.999995,20.179995,19.459994,19.969995,952500,13.31333
2005-02-02,20.470006,20.70,20.029994,20.200005,552400,13.46667
2005-02-01,19.38,20.61,19.38,20.509995,1031800,13.67333
2005-01-31,19.349999,19.570005,19.150005,19.570005,259900,13.04667
2005-01-28,19.540006,19.540006,18.850006,19.150005,307800,12.76667
2005-01-27,19.360004,19.600006,19.000005,19.469999,343300,12.98
2005-01-26,18.799995,19.249995,18.75,19.159995,378600,12.77333
2005-01-25,18.63,19.210005,18.599999,18.75,393900,12.50
2005-01-24,19.000005,19.489995,18.460005,18.69,515500,12.46
2005-01-21,18.700005,19.530001,18.499995,19.060005,960300,12.70667
2005-01-20,19.030005,19.240005,18.75,18.850006,799200,12.56667
2005-01-19,19.489995,19.819995,19.099995,19.249995,579400,12.83333
2005-01-18,19.469999,19.630005,19.060005,19.399994,495000,12.93333
2005-01-14,19.450005,19.650001,19.11,19.50,618400,13.00
2005-01-13,19.729995,19.750005,18.900001,19.159995,831000,12.77333
2005-01-12,18.840001,19.750005,18.33,19.729995,915400,13.15333
2005-01-11,19.429995,20.140005,18.859995,18.960001,4725600,12.64
2005-01-10,17.119995,17.239995,16.80,17.149994,687700,11.43333
2005-01-07,17.230004,17.299995,16.720006,16.999995,632200,11.33333
2005-01-06,16.900005,17.269996,16.849995,16.98,512500,11.32
2005-01-05,16.999995,17.149994,16.590001,16.89,1135800,11.26
2005-01-04,17.749995,17.749995,16.92,17.149994,1009900,11.43333
2005-01-03,17.800004,17.899994,17.400001,17.64,684600,11.76
2004-12-31,17.849999,18.139996,17.740005,17.94,407500,11.96
2004-12-30,17.740005,17.969999,17.740005,17.920004,534100,11.94667
2004-12-29,17.620005,17.950005,17.61,17.860004,265500,11.90667
2004-12-28,17.089994,17.920004,16.999995,17.76,733800,11.84
2004-12-27,17.050004,17.509995,17.039999,17.350006,1199500,11.56667
2004-12-23,17.969999,18.040006,16.939995,17.419995,1182600,11.61333
2004-12-22,17.449996,18.040006,17.159999,17.82,968500,11.88
2004-12-21,16.999995,17.410006,16.68,17.400001,1205100,11.60
2004-12-20,16.849995,17.159999,16.660006,16.759995,620700,11.17333
2004-12-17,17.110004,17.110004,16.780005,16.849995,691600,11.23333
2004-12-16,16.750005,17.200005,16.660006,16.939995,822100,11.29333
2004-12-15,16.300004,16.720006,16.210005,16.710001,1113400,11.14
2004-12-14,16.099995,16.339994,16.009995,16.300004,679200,10.86667
2004-12-13,15.910006,16.219995,15.820005,16.150005,789100,10.76667
2004-12-10,15.880005,16.11,15.700005,15.900001,1622100,10.60
2004-12-09,15.550004,16.000005,15.250005,15.850006,1044300,10.56667
2004-12-08,15.049995,15.649994,14.860004,15.57,1705600,10.38
2004-12-07,15.27,15.370005,14.749995,14.849999,1879900,9.90
2004-12-06,15.799995,15.900001,15.040006,15.27,2930500,10.18
2004-12-03,17.140005,17.329996,15.45,15.520005,8884300,10.34667
2004-12-02,19.710001,19.98,19.590001,19.819995,444600,13.21333
2004-12-01,19.429995,19.990005,19.409999,19.810005,586600,13.20667
2004-11-30,19.600006,20.110004,19.369995,19.489995,524800,12.99333
2004-11-29,19.750005,19.999995,19.360004,19.77,313800,13.18
2004-11-26,19.900005,19.960005,19.74,19.77,63600,13.18
2004-11-24,19.399994,19.900005,19.399994,19.759995,180900,13.17333
2004-11-23,18.949996,19.56,18.87,19.50,356100,13.00
2004-11-22,19.11,19.279994,18.799995,19.02,852700,12.68
2004-11-19,19.77,19.930005,19.11,19.270005,637000,12.84667
2004-11-18,20.13,20.13,19.840005,19.870005,363600,13.24667
2004-11-17,19.999995,20.629995,19.750005,20.089994,821500,13.39333
2004-11-16,20.629995,20.629995,19.999995,20.039999,329500,13.36
2004-11-15,20.590005,20.70,20.359995,20.64,471700,13.76
2004-11-12,20.029994,20.599995,19.960005,20.55,956800,13.70
2004-11-11,19.999995,20.140005,19.789995,19.969995,446200,13.31333
2004-11-10,19.92,19.999995,19.699996,19.900005,404800,13.26667
2004-11-09,19.639996,19.999995,19.409999,19.900005,697300,13.26667
2004-11-08,19.900005,19.900005,19.360004,19.710001,641800,13.14
2004-11-05,19.549995,20.43,19.420004,19.900005,1427200,13.26667
2004-11-04,18.709994,19.450005,18.400005,19.429995,1231500,12.95333
2004-11-03,18.250005,18.75,18.139996,18.700005,1528000,12.46667
2004-11-02,17.539995,18.090001,17.400001,18.00,799000,12.00
2004-11-01,16.930005,17.500005,16.930005,17.440005,311700,11.62667
2004-10-29,16.909995,17.209994,16.819995,17.119995,194400,11.41333
2004-10-28,17.219999,17.219999,16.909995,17.099999,334500,11.40
2004-10-27,16.540006,17.159999,16.540006,17.13,369300,11.42
2004-10-26,16.289999,16.710001,16.000005,16.660006,255400,11.10667
2004-10-25,16.249995,16.409999,16.039995,16.23,544200,10.82
2004-10-22,16.309995,16.729995,16.309995,16.50,392500,11.00
2004-10-21,16.249995,16.489995,16.000005,16.480004,558300,10.98667
2004-10-20,15.880005,16.480004,15.760005,16.120005,1398600,10.74667
2004-10-19,16.159995,16.32,15.979995,16.000005,573900,10.66667
2004-10-18,15.75,16.349999,15.709994,16.060005,576600,10.70667
2004-10-15,15.859995,15.93,15.499995,15.850006,647500,10.56667
2004-10-14,16.000005,16.05,15.679995,15.850006,587100,10.56667
2004-10-13,16.150005,16.23,15.99,16.000005,396900,10.66667
2004-10-12,16.210005,16.219995,15.820005,16.000005,1344400,10.66667
2004-10-11,16.44,16.600006,15.87,16.23,1365900,10.82
2004-10-08,16.030005,16.750005,16.02,16.50,2424900,11.00
2004-10-07,18.199996,18.379995,17.419995,17.449996,686200,11.63333
2004-10-06,17.680005,18.100006,17.680005,18.100006,293200,12.06667
2004-10-05,18.289995,18.30,17.689995,17.800004,474900,11.86667
2004-10-04,18.30,18.51,18.190005,18.250005,395800,12.16667
2004-10-01,18.070005,18.520005,18.00,18.24,400300,12.16
2004-09-30,18.289995,18.36,17.950005,18.199996,428200,12.13333
2004-09-29,18.57,19.000005,18.12,18.349995,736300,12.23333
2004-09-28,18.57,18.610004,18.210001,18.499995,639700,12.33333
2004-09-27,18.730004,18.829996,18.06,18.289995,777900,12.19333
2004-09-24,18.00,18.850006,17.770005,17.989995,737200,11.99333
2004-09-23,16.530001,17.779994,16.399994,17.620005,994600,11.74667
2004-09-22,16.939995,16.939995,16.32,16.349999,258900,10.90
2004-09-21,16.289999,16.870005,16.240005,16.840005,386500,11.22667
2004-09-20,16.309995,16.429995,16.150005,16.219995,424900,10.81333
2004-09-17,16.650001,16.750005,16.300004,16.330005,518200,10.88667
2004-09-16,16.300004,16.600006,16.300004,16.56,369600,11.04
2004-09-15,16.720006,16.720006,16.249995,16.349999,289500,10.90
2004-09-14,16.909995,17.029994,16.399994,16.62,493300,11.08
2004-09-13,16.92,17.099999,16.720006,16.95,325900,11.30
2004-09-10,16.44,16.80,16.069995,16.789995,426300,11.19333
2004-09-09,16.349999,16.38,16.150005,16.309995,500800,10.87333
2004-09-08,16.50,16.95,16.189995,16.279994,485100,10.85333
2004-09-07,15.900001,16.469999,15.820005,16.44,459000,10.96
2004-09-03,16.180005,16.23,15.760005,15.81,545800,10.54
2004-09-02,16.189995,16.38,15.889996,16.38,293100,10.92
2004-09-01,15.900001,16.399994,15.700005,16.099995,470700,10.73333
2004-08-31,15.87,16.060005,15.469995,15.880005,817600,10.58667
2004-08-30,16.849995,17.020005,15.859995,15.87,1117000,10.58
2004-08-27,16.549995,17.039999,16.540006,16.95,586600,11.30
2004-08-26,16.20,16.549995,15.850006,16.530001,780900,11.02
2004-08-25,16.030005,16.349999,15.730004,16.349999,345900,10.90
2004-08-24,16.05,16.189995,15.670004,15.960001,443400,10.64
2004-08-23,16.159995,16.219995,15.769996,15.93,621400,10.62
2004-08-20,15.33,16.189995,15.019996,15.970006,940800,10.64667
2004-08-19,15.100006,15.33,14.839994,15.210001,903400,10.14
2004-08-18,15.370005,15.400005,14.860004,15.079996,763800,10.05333
2004-08-17,14.929995,15.319995,14.929995,15.30,672600,10.20
2004-08-16,14.119995,15.130005,14.059995,15.049995,1626900,10.03333
2004-08-13,14.929995,14.969999,13.14,14.01,5789700,9.34
2004-08-12,15.709994,16.000005,15.24,15.36,770800,10.24
2004-08-11,15.99,15.99,15.490005,15.769996,961200,10.51333
2004-08-10,16.38,16.519996,15.33,16.05,2348700,10.70
2004-08-09,16.849995,17.050004,16.590001,16.639996,998100,11.09333
2004-08-06,17.230004,17.37,16.50,16.710001,2156100,11.14
2004-08-05,17.119995,17.749995,17.099999,17.479995,1821600,11.65333
2004-08-04,16.750005,17.410006,16.009995,17.099999,2851900,11.40
2004-08-03,17.49,17.800004,16.279994,16.450005,7361100,10.96667
2004-08-02,19.999995,20.25,15.679995,15.910006,8317900,10.60667
2004-07-30,20.050004,20.509995,19.89,20.43,543000,13.62
2004-07-29,19.459994,20.07,19.429995,19.879995,911800,13.25333
2004-07-28,19.590001,20.110004,19.369995,19.609995,656400,13.07333
2004-07-27,19.02,19.750005,18.910006,19.750005,832900,13.16667
2004-07-26,19.480004,19.480004,18.769996,18.940005,1206700,12.62667
2004-07-23,18.949996,19.289999,18.900001,18.99,971800,12.66
2004-07-22,19.11,19.699996,18.229995,18.850006,1646400,12.56667
2004-07-21,19.14,19.570005,18.850006,18.960001,1102200,12.64
2004-07-20,18.670004,19.069995,18.539999,18.900001,1443300,12.60
2004-07-19,19.23,19.240005,18.430005,18.51,1041600,12.34
2004-07-16,19.669995,19.849995,18.760005,18.900001,910000,12.60
2004-07-15,18.730004,19.510005,18.409995,19.510005,1688700,13.00667
2004-07-14,18.00,18.719999,17.869995,18.619995,4842100,12.41333
2004-07-13,18.589994,18.63,17.389996,17.989995,15469200,11.99333
2004-07-12,23.909999,24.569999,23.76,24.439994,1200000,16.293329
2004-07-09,24.589994,25.480004,24.00,24.220004,1150500,16.146669
2004-07-08,26.25,26.500005,24.540001,25.000005,1438600,16.66667
2004-07-07,26.699999,27.109995,26.209994,26.350004,739900,17.566669
2004-07-06,27.75,27.810001,26.719995,26.719995,543400,17.81333
2004-07-02,28.750005,28.800001,27.760005,27.919996,371200,18.613331
2004-07-01,28.930006,28.930006,27.900001,28.459994,390400,18.97333
2004-06-30,28.150005,28.50,27.850004,28.399996,269100,18.933331
2004-06-29,28.030005,28.410001,27.820006,28.14,341400,18.76
2004-06-28,29.13,29.13,27.889996,28.270005,470100,18.84667
2004-06-25,28.570006,29.059994,28.000005,28.990005,1353600,19.32667
2004-06-24,27.619995,28.750005,27.460004,28.570006,613800,19.046671
2004-06-23,27.490005,27.799996,27.349995,27.619995,562200,18.41333
2004-06-22,28.630005,28.89,27.349995,27.430006,962400,18.286671
2004-06-21,29.110004,29.140005,28.690006,28.900005,279700,19.26667
2004-06-18,28.330004,29.050006,28.330004,28.960004,388800,19.306669
2004-06-17,28.750005,28.999995,28.390005,28.639996,324100,19.09333
2004-06-16,28.009995,29.050006,27.660001,28.699994,796200,19.133329
2004-06-15,27.180001,28.000005,26.980004,27.829994,551200,18.553329
2004-06-14,26.599995,27.00,26.359995,26.899996,398100,17.933331
2004-06-10,27.39,27.540001,26.61,26.73,438000,17.82
2004-06-09,27.460004,27.75,26.920006,27.100004,258300,18.066669
2004-06-08,27.469995,27.839999,27.259995,27.640005,175800,18.42667
2004-06-07,27.00,28.060006,26.890005,27.63,599100,18.42
2004-06-04,27.679994,27.700004,26.710004,26.869995,632200,17.91333
2004-06-03,27.379995,27.649996,27.040006,27.48,469600,18.32
2004-06-02,27.250005,27.700004,27.24,27.589994,213600,18.39333
2004-06-01,26.849999,27.850004,26.819999,27.400005,612600,18.26667
2004-05-28,27.379995,27.490005,26.88,27.00,560200,18.00
2004-05-27,26.989995,27.520005,26.670001,27.439994,659500,18.293329
2004-05-26,27.700004,27.700004,26.650005,27.00,616000,18.00
2004-05-25,24.739995,27.730004,24.349995,27.599999,1794100,18.40
2004-05-24,24.87,25.069994,24.569999,24.689999,402400,16.459999
2004-05-21,24.199994,24.730004,24.060001,24.610004,387400,16.40667
2004-05-20,23.70,24.300001,23.70,23.959994,298800,15.97333
2004-05-19,24.180001,24.689999,23.70,23.789999,425500,15.86
2004-05-18,24.070006,24.169996,23.839994,23.969999,256300,15.98
2004-05-17,24.490005,24.499995,23.380005,23.789999,580000,15.86
2004-05-14,25.060006,25.060006,24.280005,24.610004,449400,16.40667
2004-05-13,24.910006,25.210004,24.449999,24.859995,822600,16.57333
2004-05-12,24.150001,24.880005,23.899994,24.880005,888100,16.58667
2004-05-11,23.269996,24.280005,23.25,24.280005,668400,16.18667
2004-05-10,23.200005,23.470006,22.090005,23.099999,606700,15.40
2004-05-07,24.280005,24.700004,23.110004,23.200005,462000,15.46667
2004-05-06,24.670006,24.670006,24.030001,24.319994,841300,16.213329
2004-05-05,24.670006,25.050001,24.420001,24.540001,436900,16.360001
2004-05-04,24.649996,24.660001,23.25,24.460004,1196200,16.306669
2004-05-03,24.199994,24.949994,24.160006,24.559994,1089600,16.373329
2004-04-30,24.610004,25.120005,24.00,24.24,555400,16.16
2004-04-29,25.900005,26.089994,24.27,24.619995,945600,16.41333
2004-04-28,26.299996,26.749995,25.699994,25.900005,568600,17.26667
2004-04-27,27.030001,27.089999,26.320006,26.599995,433000,17.73333
2004-04-26,27.540001,27.700004,26.500005,26.73,803100,17.82
2004-04-23,28.510005,28.579994,26.509995,27.379995,1025700,18.25333
2004-04-22,24.850004,28.600004,24.799996,28.079999,2738400,18.719999
2004-04-21,27.160006,27.310006,24.829994,25.120005,3977700,16.74667
2004-04-20,29.980004,30.229995,29.13,29.239995,382300,19.49333
2004-04-19,29.650005,30.00,29.350004,29.860004,390000,19.90667
2004-04-16,29.400001,29.749995,28.50,29.459999,301800,19.639999
2004-04-15,29.13,29.590004,29.080004,29.410006,333000,19.60667
2004-04-14,28.639996,29.49,28.600004,29.230004,575400,19.48667
2004-04-13,29.500005,29.749995,28.549996,28.650001,605700,19.10
2004-04-12,28.729995,30.100004,28.50,29.749995,1155600,19.83333
2004-04-08,28.050001,28.309994,27.319994,27.660001,496800,18.440001
2004-04-07,27.589994,28.060006,27.319994,28.060006,643800,18.706671
2004-04-06,27.790006,27.839999,27.520005,27.730004,295600,18.48667
2004-04-05,27.87,27.87,27.400005,27.769996,382600,18.51333
2004-04-02,26.830004,27.790006,26.790001,27.790006,304000,18.52667
2004-04-01,26.509995,27.75,26.509995,27.199994,575500,18.133329
2004-03-31,27.760005,27.799996,27.499995,27.589994,261700,18.39333
2004-03-30,27.499995,27.790006,27.36,27.790006,306700,18.52667
2004-03-29,27.709994,28.000005,27.430006,27.63,346300,18.42
2004-03-26,27.259995,27.810001,27.089999,27.550006,497200,18.366671
2004-03-25,25.650001,27.229995,25.650001,27.150001,539700,18.10
2004-03-24,25.699994,25.879995,24.87,25.600004,463200,17.066669
2004-03-23,25.920001,26.149996,25.399996,25.789996,461800,17.193331
2004-03-22,26.029996,26.260005,25.50,25.750005,450100,17.16667
2004-03-19,26.099999,26.410006,25.900005,26.209994,512200,17.47333
2004-03-18,25.810006,26.290006,25.240005,25.969995,574600,17.31333
2004-03-17,25.009995,25.939994,25.009995,25.699994,351900,17.133329
2004-03-16,25.690006,25.990005,25.030005,25.030005,491700,16.68667
2004-03-15,25.969995,26.819999,25.300006,25.650001,341800,17.10
2004-03-12,25.990005,26.25,25.849995,25.999995,585400,17.33333
2004-03-11,26.239995,26.329994,25.600004,25.999995,664500,17.33333
2004-03-10,26.860004,26.910001,26.37,26.37,548100,17.58
2004-03-09,27.580004,27.709994,26.899996,26.950004,657700,17.966669
2004-03-08,27.99,28.159996,27.520005,27.649996,363300,18.433331
2004-03-05,28.11,28.549996,27.649996,28.170001,406300,18.780001
2004-03-04,28.000005,28.330004,27.919996,28.270005,653200,18.84667
2004-03-03,28.039996,28.14,27.760005,28.02,1113400,18.68
2004-03-02,27.910006,28.120005,27.619995,28.009995,1002700,18.67333
2004-03-01,26.88,28.090004,26.869995,28.000005,993600,18.66667
2004-02-27,26.670001,27.24,26.52,27.070006,1143100,18.046671
2004-02-26,26.040001,26.929994,25.77,26.530005,5736300,17.68667
2004-02-25,25.159996,25.949999,25.000005,25.759995,924900,17.17333
2004-02-24,25.199999,25.309994,24.190006,25.030005,1795800,16.68667
2004-02-23,24.689999,24.689999,23.55,24.540001,675100,16.360001
2004-02-20,24.619995,24.760005,23.500005,24.689999,565800,16.459999
2004-02-19,24.930001,24.949994,24.370005,24.569999,330100,16.379999
2004-02-18,24.820006,25.000005,24.75,24.910006,329400,16.60667
2004-02-17,25.150005,25.150005,24.529996,24.959999,292800,16.639999
2004-02-13,25.26,25.420006,24.87,25.050001,634800,16.700001
2004-02-12,24.880005,25.219995,24.499995,25.180006,931500,16.786671
2004-02-11,24.180001,24.940006,22.660006,24.649996,2244600,16.433331
2004-02-10,22.399994,24.130005,22.349999,23.530005,1860600,15.68667
2004-02-09,22.420004,22.789995,22.150005,22.249995,741600,14.83333
2004-02-06,21.400005,22.930005,21.400005,22.360004,1600800,14.90667
2004-02-05,22.309995,22.650001,21.550004,21.580005,1059100,14.38667
2004-02-04,22.409999,22.999995,21.889996,22.249995,867000,14.83333
2004-02-03,22.810005,22.900005,22.099995,22.729995,1254100,15.15333
2004-02-02,23.099999,23.099999,22.50,22.909995,1690300,15.27333
2004-01-30,23.969999,24.259995,23.179995,23.280001,361200,15.52
2004-01-29,24.27,24.420001,23.43,24.040006,498400,16.02667
2004-01-28,24.829994,24.930001,23.869995,24.289996,461800,16.193331
2004-01-27,24.99,25.300006,24.820006,24.820006,363300,16.546671
2004-01-26,25.26,25.399996,24.919996,25.270005,204000,16.84667
2004-01-23,25.270005,25.750005,25.000005,25.219995,162400,16.81333
2004-01-22,26.050006,26.149996,25.270005,25.510005,478600,17.00667
2004-01-21,24.99,26.470004,24.649996,26.119995,718800,17.41333
2004-01-20,25.090004,25.199999,24.780001,25.050001,518700,16.700001
2004-01-16,24.889996,25.14,24.839999,24.99,944700,16.66
2004-01-15,24.880005,25.090004,24.169996,24.959999,531300,16.639999
2004-01-14,25.410001,25.50,24.910006,25.000005,583000,16.66667
2004-01-13,25.23,25.579994,24.799996,25.579994,338700,17.053329
2004-01-12,25.699994,25.999995,25.090004,25.390005,482800,16.92667
2004-01-09,25.330004,26.209994,24.820006,25.600004,1139200,17.066669
2004-01-08,25.469999,26.239995,24.760005,24.820006,895200,16.546671
2004-01-07,24.780001,25.429994,24.649996,25.429994,1021900,16.953329
2004-01-06,24.599999,25.000005,24.460004,24.810001,812100,16.540001
2004-01-05,24.700004,25.02,24.599999,24.880005,528600,16.58667
2004-01-02,24.700004,24.959999,24.529996,24.709994,313800,16.47333
2003-12-31,25.000005,25.000005,24.700004,24.760005,313900,16.50667
2003-12-30,24.940006,25.189994,24.499995,25.02,370600,16.68
2003-12-29,24.599999,24.979995,24.580004,24.959999,205300,16.639999
2003-12-26,24.430006,24.850004,24.430006,24.640005,92100,16.42667
2003-12-24,24.499995,24.75,24.430006,24.430006,288100,16.286671
2003-12-23,24.540001,25.339994,24.51,24.919996,405900,16.613331
2003-12-22,24.449999,24.760005,24.250005,24.709994,297900,16.47333
2003-12-19,24.99,25.069994,24.250005,24.559994,589800,16.373329
2003-12-18,23.849999,24.75,23.509995,24.619995,638400,16.41333
2003-12-17,23.299995,24.289996,23.269996,23.76,463600,15.84
2003-12-16,24.379995,24.569999,22.999995,23.37,1329000,15.58
2003-12-15,25.009995,25.829999,24.36,24.460004,756000,16.306669
2003-12-12,24.769996,25.540006,23.920004,24.349995,1045000,16.23333
2003-12-11,23.500005,25.560001,23.359995,24.640005,1267200,16.42667
2003-12-10,24.760005,24.769996,23.410006,23.500005,1068600,15.66667
2003-12-09,23.260005,25.840004,23.13,24.850004,1561000,16.566669
2003-12-08,23.500005,24.00,21.610004,22.750005,1815400,15.16667
2003-12-05,24.400005,24.540001,23.539995,23.959994,545400,15.97333
2003-12-04,25.410001,25.429994,23.239995,24.460004,1168500,16.306669
2003-12-03,25.920001,26.25,25.159996,25.170001,1014900,16.780001
2003-12-02,26.64,26.689994,26.179994,26.230004,521200,17.48667
2003-12-01,26.980004,27.00,26.25,26.599995,597300,17.73333
2003-11-28,26.64,26.980004,26.550001,26.910001,179700,17.940001
2003-11-26,26.64,27.030001,26.359995,26.650005,570400,17.76667
2003-11-25,26.479995,26.680006,26.25,26.550001,472500,17.700001
2003-11-24,25.800001,26.449994,25.600004,26.200004,738100,17.466669
2003-11-21,25.639996,26.699999,25.210004,25.369995,827400,16.91333
2003-11-20,24.409996,26.029996,24.100004,25.630005,1264900,17.08667
2003-11-19,24.87,24.919996,24.209999,24.649996,1339500,16.433331
2003-11-18,26.170006,26.530005,24.760005,24.87,1155900,16.58
2003-11-17,27.700004,27.829994,24.349995,26.110004,1745400,17.40667
2003-11-14,28.549996,29.089994,27.790006,27.839999,505000,18.559999
2003-11-13,28.50,28.669996,27.900001,28.570006,519400,19.046671
2003-11-12,27.75,28.690006,27.700004,28.439999,1001500,18.959999
2003-11-11,27.829994,28.439999,27.599999,27.799996,1464900,18.533331
2003-11-10,28.789996,28.900005,27.829994,27.889996,4467900,18.59333
2003-11-07,28.800001,29.459999,28.570006,28.699994,644800,19.133329
2003-11-06,29.969999,29.989995,26.839994,29.099999,2005500,19.40
2003-11-05,30.930001,31.090004,29.670001,29.950004,1206600,19.966669
2003-11-04,30.900001,31.249995,30.880005,31.039996,629500,20.693331
2003-11-03,31.369995,31.459994,30.839999,31.090004,891300,20.726669
2003-10-31,31.699994,31.699994,30.760005,31.240005,543100,20.82667
2003-10-30,31.729995,32.320006,31.249995,31.680001,1018900,21.120001
2003-10-29,30.300001,31.840004,30.070006,31.429994,792400,20.953329
2003-10-28,29.560006,30.349995,29.470004,30.300001,644100,20.200001
2003-10-27,29.440006,30.00,28.949999,29.449994,885100,19.633329
2003-10-24,28.870005,28.879995,28.069994,28.669996,358200,19.113331
2003-10-23,28.750005,29.819999,28.459994,28.89,826500,19.26
2003-10-22,28.999995,29.080004,28.399996,28.909996,269700,19.273331
2003-10-21,28.249995,29.089994,27.979995,28.999995,578400,19.33333
2003-10-20,27.730004,28.249995,27.420001,28.120005,352800,18.74667
2003-10-17,28.170001,28.170001,27.27,27.799996,444000,18.533331
2003-10-16,28.170001,28.319999,27.910006,28.159996,267700,18.773331
2003-10-15,28.360004,28.50,27.769996,28.000005,419800,18.66667
2003-10-14,27.900001,28.920001,26.219999,28.249995,1184100,18.83333
2003-10-13,28.609995,28.999995,28.459994,28.800001,674400,19.200001
2003-10-10,28.660006,28.759995,28.249995,28.349999,461400,18.90
2003-10-09,28.099995,29.479995,27.940006,28.199999,565500,18.799999
2003-10-08,28.489995,28.699994,27.839999,27.900001,340900,18.60
2003-10-07,28.000005,28.450004,27.75,28.319999,352300,18.879999
2003-10-06,28.11,28.459994,27.979995,27.99,655000,18.66
2003-10-03,27.679994,28.709999,27.550006,28.000005,710100,18.66667
2003-10-02,28.680001,28.750005,27.079994,27.540001,1369800,18.360001
2003-10-01,26.61,28.090004,26.599995,27.850004,783300,18.566669
2003-09-30,25.690006,26.929994,25.459994,26.539996,720400,17.693331
2003-09-29,25.549996,26.080004,25.120005,25.630005,359400,17.08667
2003-09-26,25.89,26.219999,25.249995,25.390005,648700,16.92667
2003-09-25,26.950004,27.139996,25.720004,26.269996,535200,17.51333
2003-09-24,27.979995,28.900005,26.929994,27.049996,552300,18.033331
2003-09-23,27.130005,28.189994,26.770005,27.829994,693000,18.553329
2003-09-22,27.400005,27.400005,26.749995,27.070006,508600,18.046671
2003-09-19,28.050001,28.079999,27.150001,27.449999,622900,18.299999
2003-09-18,28.150005,28.199999,27.220004,27.900001,772000,18.60
2003-09-17,27.049996,29.160001,26.869995,27.949994,1664200,18.633329
2003-09-16,25.279996,27.229995,25.249995,26.950004,966700,17.966669
2003-09-15,24.799996,25.50,24.799996,25.210004,804900,16.806669
2003-09-12,25.000005,25.000005,24.199994,24.799996,649500,16.533331
2003-09-11,22.780005,25.249995,22.650001,24.799996,1756300,16.533331
2003-09-10,23.839994,23.839994,22.249995,22.660006,492900,15.10667
2003-09-09,23.800004,23.899994,23.200005,23.61,392200,15.74
2003-09-08,24.599999,24.99,23.329996,23.789999,1076800,15.86
2003-09-05,23.650005,24.089999,23.07,23.479995,597100,15.65333
2003-09-04,24.00,24.00,23.440005,23.659995,508300,15.77333
2003-09-03,24.180001,24.529996,23.76,23.929995,838500,15.95333
2003-09-02,23.749995,24.150001,23.350006,24.049996,428800,16.033331
2003-08-29,23.260005,23.740005,22.879995,23.290006,368400,15.52667
2003-08-28,22.23,23.400001,22.000005,22.999995,1584600,15.33333
2003-08-27,22.20,22.429995,22.000005,22.23,813600,14.82
2003-08-26,22.579996,22.590001,21.499995,22.20,371200,14.80
2003-08-25,22.999995,23.099999,22.510005,22.590001,514200,15.06
2003-08-22,23.01,23.099999,22.690005,22.98,564600,15.32
2003-08-21,22.099995,23.119995,21.99,22.570005,1481500,15.04667
2003-08-20,21.93,22.000005,21.580005,22.000005,474700,14.66667
2003-08-19,21.139996,21.949996,20.950005,21.940005,306100,14.62667
2003-08-18,20.849999,21.289995,20.849999,21.049995,382900,14.03333
2003-08-15,21.130005,21.199996,20.82,20.849999,152800,13.90
2003-08-14,20.849999,21.250005,20.67,21.139996,410400,14.09333
2003-08-13,20.359995,21.250005,20.320005,20.770005,896100,13.84667
2003-08-12,19.069995,20.200005,19.069995,20.140005,889300,13.42667
2003-08-11,19.26,19.279994,18.640005,19.069995,348600,12.71333
2003-08-08,19.060005,19.120005,18.150001,18.940005,2715400,12.62667
2003-08-07,19.50,20.039999,19.300004,19.579996,606100,13.05333
2003-08-06,20.200005,20.340001,18.63,19.720006,878800,13.14667
2003-08-05,20.890005,20.890005,20.050004,20.269996,476200,13.51333
2003-08-04,21.160006,21.199996,20.25,20.73,483300,13.82
2003-08-01,22.05,22.05,20.809995,21.220006,659400,14.14667
2003-07-31,22.05,22.120005,21.700005,22.000005,471600,14.66667
2003-07-30,21.799995,21.900001,21.439995,21.679995,115600,14.45333
2003-07-29,21.649994,21.940005,21.370005,21.880005,293200,14.58667
2003-07-28,21.99,21.99,21.310005,21.45,224800,14.30
2003-07-25,21.75,22.08,21.45,21.979995,324400,14.65333
2003-07-24,21.400005,21.799995,21.070005,21.739995,684000,14.49333
2003-07-23,21.130005,21.280005,20.67,21.169995,250300,14.11333
2003-07-22,20.719995,21.090001,20.500005,21.030001,434200,14.02
2003-07-21,20.899994,20.980004,20.25,20.500005,976000,13.66667
2003-07-18,19.699996,21.019996,19.699996,20.680005,484000,13.78667
2003-07-17,20.650005,20.849999,19.729995,19.999995,564400,13.33333
2003-07-16,21.199996,21.199996,20.299995,20.689995,648300,13.79333
2003-07-15,21.700005,21.949996,19.969995,21.010005,1554000,14.00667
2003-07-14,21.250005,22.030005,21.199996,21.949996,704500,14.63333
2003-07-11,20.599995,21.199996,20.55,21.100006,470200,14.06667
2003-07-10,21.45,21.57,19.279994,20.599995,2247100,13.73333
2003-07-09,21.349995,22.50,21.130005,21.48,1044400,14.32
2003-07-08,20.13,21.499995,20.050004,21.340005,1365400,14.22667
2003-07-07,19.750005,20.340001,19.600006,20.25,1230400,13.50
2003-07-03,18.079996,21.210001,18.00,19.450005,3416200,12.96667
2003-07-02,16.32,16.960005,15.700005,16.930005,961300,11.28667
2003-07-01,16.50,16.50,15.57,16.409999,674100,10.94
2003-06-30,16.099995,16.699996,16.060005,16.450005,1650900,10.96667
2003-06-27,16.44,16.549995,16.08,16.23,396900,10.82
2003-06-26,16.409999,16.819995,16.38,16.530001,258900,11.02
2003-06-25,16.270005,16.840005,16.270005,16.609995,308700,11.07333
2003-06-24,16.50,16.650001,16.26,16.469999,520600,10.98
2003-06-23,17.110004,17.110004,16.11,16.50,378900,11.00
2003-06-20,16.690005,17.119995,16.519996,17.119995,392800,11.41333
2003-06-19,17.050004,17.37,16.399994,16.690005,692800,11.12667
2003-06-18,17.290006,17.290006,16.849995,16.999995,521100,11.33333
2003-06-17,18.049995,18.049995,17.25,17.269996,1154800,11.51333
2003-06-16,17.179995,18.06,16.960005,17.94,865300,11.96
2003-06-13,16.92,17.179995,16.92,17.119995,1001800,11.41333
2003-06-12,16.750005,17.050004,16.62,16.930005,480000,11.28667
2003-06-11,16.17,16.600006,15.880005,16.50,409900,11.00
2003-06-10,15.850006,16.17,15.850006,16.14,346800,10.76
2003-06-09,16.489995,16.489995,15.75,15.769996,473500,10.51333
2003-06-06,16.999995,17.149994,16.05,16.270005,795400,10.84667
2003-06-05,16.099995,16.95,15.949996,16.95,738300,11.30
2003-06-04,15.949996,16.090005,15.910006,16.000005,223900,10.66667
2003-06-03,15.970006,16.20,15.850006,15.910006,399400,10.60667
2003-06-02,16.099995,16.099995,15.45,16.000005,1068300,10.66667
2003-05-30,15.949996,16.11,15.859995,16.05,1234200,10.70
2003-05-29,15.840001,16.05,15.799995,15.850006,510700,10.56667
2003-05-28,15.550004,16.000005,15.439995,15.850006,697500,10.56667
2003-05-27,15.730004,15.730004,15.349995,15.400005,788500,10.26667
2003-05-23,15.169995,15.799995,15.150001,15.619995,1260700,10.41333
2003-05-22,14.800004,15.150001,14.800004,15.06,838000,10.04
2003-05-21,14.569995,14.830005,14.569995,14.789999,520600,9.86
2003-05-20,14.530005,14.830005,14.37,14.509995,949600,9.67333
2003-05-19,15.100006,15.100006,14.31,14.350006,1059700,9.56667
2003-05-16,15.040006,15.199996,14.620005,15.049995,934900,10.03333
2003-05-15,14.82,15.079996,14.82,15.049995,715500,10.03333
2003-05-14,14.70,15.100006,14.440005,14.82,1049200,9.88
2003-05-13,14.809995,14.839994,14.61,14.650005,423100,9.76667
2003-05-12,14.49,15.00,14.470006,14.839994,1203900,9.89333
2003-05-09,13.810005,14.779994,13.80,14.509995,6969400,9.67333
2003-05-08,13.480004,13.489995,13.069995,13.189995,480000,8.79333
2003-05-07,13.450005,13.80,13.300004,13.469999,306400,8.98
2003-05-06,13.570005,13.699996,13.180005,13.489995,408400,8.99333
2003-05-05,13.80,13.990005,13.549995,13.810005,331500,9.20667
2003-05-02,13.510005,13.939995,13.349999,13.650001,396000,9.10
2003-05-01,13.540006,13.68,13.270005,13.549995,699100,9.03333
2003-04-30,12.400005,13.849995,12.33,13.540006,1899000,9.02667
2003-04-29,11.569995,12.490005,11.500005,12.33,790800,8.22
2003-04-28,11.389995,11.830005,11.25,11.479995,612000,7.65333
2003-04-25,11.329995,11.46,11.050005,11.28,237600,7.52
2003-04-24,11.140005,11.470005,11.050005,11.40,341800,7.60
2003-04-23,11.179995,11.40,11.179995,11.389995,367800,7.59333
2003-04-22,11.179995,11.299995,11.01,11.28,338200,7.52
2003-04-21,11.050005,11.49,10.900005,11.179995,571800,7.45333
2003-04-17,10.699995,11.25,10.450005,11.080005,644500,7.38667
2003-04-16,10.339995,10.549995,9.850005,10.549995,1111600,7.03333
2003-04-15,10.609995,10.65,9.949995,10.129995,1876300,6.75333
2003-04-14,11.050005,11.500005,10.50,11.25,962200,7.50
2003-04-11,11.020005,11.149995,10.80,10.969995,148000,7.31333
2003-04-10,10.990005,10.999995,10.819995,10.95,273300,7.30
2003-04-09,11.01,11.10,10.86,10.969995,226500,7.31333
2003-04-08,11.149995,11.19,10.930005,11.050005,529800,7.36667
2003-04-07,11.269995,11.350005,10.960005,11.19,603700,7.46
2003-04-04,11.10,11.209995,10.95,11.04,490900,7.36
2003-04-03,10.699995,11.350005,10.56,10.92,636400,7.28
2003-04-02,10.14,10.65,10.05,10.50,441600,7.00
2003-04-01,10.249995,10.249995,9.859995,10.000005,372000,6.66667
2003-03-31,10.099995,10.44,9.889995,10.090005,458500,6.72667
2003-03-28,10.699995,10.699995,10.159995,10.35,456100,6.90
2003-03-27,10.579995,11.13,10.420005,10.690005,566800,7.12667
2003-03-26,10.420005,10.65,10.32,10.609995,246700,7.07333
2003-03-25,10.039995,10.50,10.000005,10.50,213100,7.00
2003-03-24,9.90,10.369995,9.709995,10.000005,320800,6.66667
2003-03-21,9.949995,10.249995,9.87,10.02,119500,6.68
2003-03-20,9.99,9.99,9.679995,9.78,178600,6.52
2003-03-19,9.829995,10.249995,9.619995,10.009995,225600,6.67333
2003-03-18,10.240005,10.300005,9.60,9.790005,283200,6.52667
2003-03-17,9.63,10.05,9.289995,9.979995,365200,6.65333
2003-03-14,9.580005,9.880005,9.54,9.760005,426000,6.50667
2003-03-13,9.019995,9.589995,8.97,9.520005,319500,6.34667
2003-03-12,9.220005,9.33,8.560005,8.869995,911800,5.91333
2003-03-11,9.199995,9.499995,9.15,9.259995,588100,6.17333
2003-03-10,9.880005,9.970005,9.199995,9.30,675000,6.20
2003-03-07,9.42,10.05,9.409995,9.90,446800,6.60
2003-03-06,9.640005,9.730005,9.439995,9.649995,315700,6.43333
2003-03-05,10.50,10.50,9.529995,9.63,683400,6.42
2003-03-04,10.099995,10.489995,10.090005,10.339995,475300,6.89333
2003-03-03,10.549995,10.80,10.090005,10.120005,623100,6.74667
2003-02-28,10.039995,10.74,9.949995,10.450005,1017000,6.96667
2003-02-27,8.920005,10.030005,8.91,9.859995,1385800,6.57333
2003-02-26,8.800005,9.079995,8.55,8.779995,667900,5.85333
2003-02-25,8.959995,8.980005,8.749995,8.809995,393300,5.87333
2003-02-24,8.989995,9.199995,8.899995,8.950005,239800,5.96667
2003-02-21,9.070005,9.160005,8.770005,9.079995,562300,6.05333
2003-02-20,9.259995,9.400005,9.00,9.160005,554500,6.10667
2003-02-19,9.460005,9.490005,9.109995,9.229995,286200,6.15333
2003-02-18,9.520005,9.970005,9.21,9.409995,708400,6.27333
2003-02-14,9.430005,9.69,9.370005,9.51,276000,6.34
2003-02-13,9.499995,9.820005,9.30,9.51,419100,6.34
2003-02-12,9.850005,9.970005,9.63,9.670005,342700,6.44667
2003-02-11,9.00,10.009995,9.00,9.979995,1281700,6.65333
2003-02-10,10.249995,10.270005,9.00,9.049995,1373400,6.03333
2003-02-07,10.999995,11.080005,10.180005,10.180005,566200,6.78667
2003-02-06,11.020005,11.230005,10.86,10.999995,396700,7.33333
2003-02-05,11.04,11.31,10.570005,11.020005,1187500,7.34667
2003-02-04,11.479995,11.650005,9.100005,11.389995,5115400,7.59333
2003-02-03,11.959995,12.130005,11.440005,11.740005,1036900,7.82667
2003-01-31,11.500005,11.950005,11.470005,11.899995,683200,7.93333
2003-01-30,11.76,11.899995,11.449995,11.599995,821800,7.73333
2003-01-29,11.25,11.839995,11.149995,11.70,1062900,7.80
2003-01-28,11.140005,11.389995,10.98,11.25,758800,7.50
2003-01-27,11.179995,11.25,10.810005,11.01,614800,7.34
2003-01-24,11.25,11.290005,10.80,11.170005,649000,7.44667
2003-01-23,11.629995,11.689995,11.10,11.110005,1140100,7.40667
2003-01-22,10.690005,11.55,10.50,11.49,1564800,7.66
2003-01-21,11.149995,11.19,10.62,10.759995,733000,7.17333
2003-01-17,10.80,11.200005,10.44,11.10,757000,7.40
2003-01-16,11.050005,11.140005,10.65,10.86,778600,7.24
2003-01-15,10.549995,11.029995,10.249995,10.990005,656200,7.32667
2003-01-14,11.479995,11.500005,10.309995,10.53,1757700,7.02
2003-01-13,11.560005,11.64,11.380005,11.46,567600,7.64
2003-01-10,11.46,11.650005,11.16,11.320005,786600,7.54667
2003-01-09,10.95,11.650005,10.86,11.40,836500,7.60
2003-01-08,10.95,10.999995,10.399995,10.80,723400,7.20
2003-01-07,11.10,11.449995,10.699995,10.77,1802200,7.18
2003-01-06,10.390005,10.849995,10.02,10.80,1569400,7.20
2003-01-03,9.979995,10.390005,9.769995,10.20,993400,6.80
2003-01-02,9.490005,9.949995,9.12,9.90,405600,6.60
2002-12-31,8.950005,9.640005,8.91,9.400005,426900,6.26667
2002-12-30,8.989995,9.15,8.809995,8.899995,307800,5.93333
2002-12-27,8.749995,9.169995,8.620005,9.049995,612100,6.03333
2002-12-26,8.470005,8.899995,8.40,8.70,509700,5.80
2002-12-24,8.52,8.58,8.179995,8.350005,137500,5.56667
2002-12-23,8.91,9.040005,7.999995,8.49,636600,5.66
2002-12-20,8.839995,9.049995,8.719995,8.899995,287500,5.93333
2002-12-19,8.800005,9.040005,8.70,8.779995,731100,5.85333
2002-12-18,9.640005,9.66,8.749995,8.860005,935800,5.90667
2002-12-17,9.910005,10.000005,9.589995,9.60,224700,6.40
2002-12-16,9.649995,10.000005,9.51,9.790005,398100,6.52667
2002-12-13,9.90,9.910005,9.520005,9.78,401500,6.52
2002-12-12,9.679995,9.940005,9.649995,9.760005,499200,6.50667
2002-12-11,9.430005,9.75,9.250005,9.559995,409600,6.37333
2002-12-10,9.60,9.72,9.30,9.349995,588700,6.23333
2002-12-09,9.78,9.81,9.45,9.490005,229500,6.32667
2002-12-06,9.499995,9.910005,9.250005,9.829995,712200,6.55333
2002-12-05,10.05,10.05,9.51,9.75,313200,6.50
2002-12-04,9.349995,9.84,8.70,9.760005,1020000,6.50667
2002-12-03,9.30,9.649995,9.12,9.15,519100,6.10
2002-12-02,10.180005,10.20,9.100005,9.610005,952900,6.40667
2002-11-29,9.979995,10.120005,9.319995,9.90,625900,6.60
2002-11-27,9.250005,9.850005,8.770005,9.850005,1392700,6.56667
2002-11-26,8.149995,9.30,8.10,9.199995,1957600,6.13333
2002-11-25,8.149995,8.34,7.900005,8.31,477100,5.54
2002-11-22,8.07,8.290005,7.50,7.999995,450600,5.33333
2002-11-21,8.389995,8.530005,7.900005,8.050005,520600,5.36667
2002-11-20,8.170005,8.449995,8.110005,8.380005,691000,5.58667
2002-11-19,8.329995,8.389995,8.050005,8.10,401500,5.40
2002-11-18,8.179995,8.350005,8.050005,8.239995,958500,5.49333
2002-11-15,7.990005,8.13,7.699995,8.050005,507900,5.36667
2002-11-14,7.930005,8.080005,7.699995,7.819995,623400,5.21333
2002-11-13,7.80,7.95,7.68,7.80,240100,5.20
2002-11-12,7.459995,7.999995,7.300005,7.909995,499600,5.27333
2002-11-11,7.92,7.92,7.510005,7.549995,276000,5.03333
2002-11-08,8.04,8.380005,7.62,7.900005,434800,5.26667
2002-11-07,8.560005,8.560005,8.04,8.059995,258400,5.37333
2002-11-06,8.85,8.85,8.22,8.55,436800,5.70
2002-11-05,8.869995,9.010005,8.449995,8.800005,462600,5.86667
2002-11-04,8.839995,9.070005,8.800005,8.950005,1273200,5.96667
2002-11-01,8.70,8.839995,8.329995,8.749995,1012200,5.83333
2002-10-31,8.52,8.719995,8.269995,8.650005,690300,5.76667
2002-10-30,8.689995,8.689995,8.25,8.500005,874300,5.66667
2002-10-29,8.40,8.76,8.149995,8.599995,909400,5.73333
2002-10-28,8.07,8.70,7.999995,8.380005,1840300,5.58667
2002-10-25,7.540005,7.939995,7.099995,7.92,1332600,5.28
2002-10-24,7.59,7.669995,7.29,7.47,557200,4.98
2002-10-23,7.68,7.750005,7.35,7.549995,570700,5.03333
2002-10-22,8.149995,8.16,7.38,7.549995,996700,5.03333
2002-10-21,7.83,8.149995,7.71,8.119995,814800,5.41333
2002-10-18,7.89,7.900005,7.549995,7.669995,506500,5.11333
2002-10-17,7.95,8.16,7.50,7.900005,854800,5.26667
2002-10-16,8.28,8.28,7.23,7.969995,895000,5.31333
2002-10-15,8.10,8.509995,8.059995,8.350005,1340500,5.56667
2002-10-14,7.990005,8.10,7.68,7.900005,513400,5.26667
2002-10-11,6.949995,7.999995,6.850005,7.879995,2630100,5.25333
2002-10-10,7.02,7.150005,6.709995,6.93,177100,4.62
2002-10-09,7.14,7.14,6.90,6.940005,276900,4.62667
2002-10-08,7.270005,7.32,6.499995,7.099995,852900,4.73333
2002-10-07,7.50,7.510005,6.96,7.20,678300,4.80
2002-10-04,6.90,7.450005,6.889995,7.450005,1218300,4.96667
2002-10-03,6.250005,6.889995,6.250005,6.84,1991400,4.56
2002-10-02,5.899995,6.100005,5.85,6.100005,332200,4.06667
2002-10-01,6.199995,6.199995,5.82,6.019995,297600,4.01333
2002-09-30,6.199995,6.280005,5.290005,6.15,518800,4.10
2002-09-27,6.21,6.220005,5.88,6.190005,727300,4.12667
2002-09-26,6.019995,6.15,6.00,6.15,406600,4.10
2002-09-25,6.109995,6.12,5.959995,6.010005,576900,4.00667
2002-09-24,5.82,6.079995,5.779995,6.040005,840700,4.02667
2002-09-23,5.55,5.920005,5.55,5.85,724000,3.90
2002-09-20,5.350005,5.599995,5.299995,5.55,473200,3.70
2002-09-19,5.479995,5.49,5.25,5.359995,350700,3.57333
2002-09-18,5.890005,5.899995,5.419995,5.500005,613300,3.66667
2002-09-17,5.929995,5.959995,5.770005,5.91,1204000,3.94
2002-09-16,5.239995,5.839995,5.149995,5.800005,2031400,3.86667
2002-09-13,4.750005,4.80,4.660005,4.74,72100,3.16
2002-09-12,4.900005,4.909995,4.669995,4.74,314700,3.16
2002-09-11,4.699995,4.750005,4.420005,4.750005,113700,3.16667
2002-09-10,4.180005,4.750005,4.180005,4.600005,309000,3.06667
2002-09-09,4.150005,4.219995,4.060005,4.20,128400,2.80
2002-09-06,4.000005,4.20,4.000005,4.150005,162100,2.76667
2002-09-05,4.02,4.180005,3.949995,4.000005,54600,2.66667
2002-09-04,3.96,4.090005,3.859995,4.030005,32800,2.68667
2002-09-03,4.000005,4.14,3.949995,3.96,32700,2.64
2002-08-30,4.099995,4.099995,3.99,4.08,25200,2.72
2002-08-29,4.129995,4.17,3.93,4.000005,185400,2.66667
2002-08-28,4.189995,4.300005,4.150005,4.150005,9900,2.76667
2002-08-27,4.20,4.35,4.11,4.189995,51300,2.79333
2002-08-26,4.240005,4.300005,4.039995,4.210005,108100,2.80667
2002-08-23,4.11,4.249995,4.000005,4.02,107500,2.68
2002-08-22,4.189995,4.249995,4.05,4.159995,82200,2.77333
2002-08-21,4.14,4.219995,3.820005,4.219995,150000,2.81333
2002-08-20,4.29,4.300005,4.20,4.20,23100,2.80
2002-08-19,4.300005,4.309995,4.150005,4.249995,102600,2.83333
2002-08-16,4.309995,4.44,4.20,4.300005,35800,2.86667
2002-08-15,4.360005,4.600005,4.309995,4.360005,52800,2.90667
2002-08-14,4.330005,4.390005,4.330005,4.390005,46300,2.92667
2002-08-13,4.44,4.459995,4.300005,4.369995,41500,2.91333
2002-08-12,4.35,4.50,4.249995,4.489995,88500,2.99333
2002-08-09,4.44,4.44,4.099995,4.35,53400,2.90
2002-08-08,4.060005,4.44,4.05,4.44,57600,2.96
2002-08-07,4.20,4.399995,3.949995,4.150005,39000,2.76667
2002-08-06,3.99,4.249995,3.90,4.099995,101400,2.73333
2002-08-05,3.979995,4.030005,3.970005,3.979995,59100,2.65333
2002-08-02,4.26,4.279995,3.850005,3.99,98400,2.66
2002-08-01,4.489995,4.50,4.249995,4.29,64800,2.86
2002-07-31,4.390005,4.549995,4.159995,4.450005,94900,2.96667
2002-07-30,4.399995,4.399995,4.17,4.390005,33000,2.92667
2002-07-29,4.20,4.35,4.14,4.279995,104500,2.85333
2002-07-26,4.300005,4.300005,4.009995,4.20,133000,2.80
2002-07-25,4.50,4.50,4.000005,4.32,142500,2.88
2002-07-24,4.120005,4.480005,3.81,4.480005,193800,2.98667
2002-07-23,4.56,4.789995,3.820005,4.35,194500,2.90
2002-07-22,4.95,4.990005,4.50,4.750005,114300,3.16667
2002-07-19,4.909995,5.10,4.699995,4.999995,145800,3.33333
2002-07-18,5.359995,5.40,4.909995,4.999995,118500,3.33333
2002-07-17,5.389995,5.500005,5.209995,5.40,193200,3.60
2002-07-16,5.52,5.530005,5.25,5.40,210700,3.60
2002-07-15,5.500005,5.599995,4.95,5.599995,402100,3.73333
2002-07-12,5.449995,5.689995,5.40,5.449995,177900,3.63333
2002-07-11,5.40,5.61,5.389995,5.43,374700,3.62
2002-07-10,6.03,6.03,5.449995,5.52,608200,3.68
2002-07-09,5.050005,5.76,5.04,5.650005,815800,3.76667
2002-07-08,4.450005,4.750005,4.450005,4.720005,77100,3.14667
2002-07-05,4.68,4.750005,4.090005,4.660005,48400,3.10667
2002-07-03,4.77,4.77,4.270005,4.660005,110400,3.10667
2002-07-02,4.849995,4.930005,4.690005,4.699995,49300,3.13333
2002-07-01,5.020005,5.029995,4.720005,4.849995,73800,3.23333
2002-06-28,5.029995,5.04,4.699995,5.01,354100,3.34
2002-06-27,4.390005,5.140005,4.000005,5.089995,143400,3.39333
2002-06-26,4.270005,4.549995,3.850005,4.549995,73600,3.03333
2002-06-25,4.08,4.62,4.08,4.399995,62100,2.93333
2002-06-24,4.069995,4.29,3.84,4.20,470100,2.80
2002-06-21,4.339995,4.339995,4.009995,4.249995,167400,2.83333
2002-06-20,4.59,4.71,4.35,4.510005,97900,3.00667
2002-06-19,4.900005,4.900005,4.630005,4.699995,104200,3.13333
2002-06-18,4.77,5.080005,4.68,4.870005,81300,3.24667
2002-06-17,4.450005,4.89,4.450005,4.849995,123100,3.23333
2002-06-14,4.189995,4.74,4.180005,4.459995,173700,2.97333
2002-06-13,4.369995,4.699995,4.249995,4.56,282900,3.04
2002-06-12,4.62,4.80,4.000005,4.750005,508600,3.16667
2002-06-11,5.22,5.419995,4.71,4.86,595500,3.24
2002-06-10,5.620005,5.64,5.19,5.49,206200,3.66
2002-06-07,5.67,5.800005,5.110005,5.770005,237400,3.84667
2002-06-06,5.950005,5.950005,5.650005,5.899995,162400,3.93333
2002-06-05,5.869995,5.950005,5.55,5.950005,109000,3.96667
2002-06-04,6.199995,6.30,5.46,5.950005,163500,3.96667
2002-06-03,6.409995,6.490005,5.85,6.18,164100,4.12
2002-05-31,6.100005,6.39,6.03,6.39,204100,4.26
2002-05-30,6.169995,6.169995,5.749995,5.950005,222400,3.96667
2002-05-29,6.160005,6.349995,6.00,6.220005,222000,4.14667
2002-05-28,6.340005,6.349995,6.169995,6.340005,112200,4.22667
2002-05-24,6.379995,6.39,6.15,6.199995,149400,4.13333
2002-05-23,6.379995,6.54,6.100005,6.349995,199500,4.23333
2002-05-22,6.12,6.36,6.00,6.33,402100,4.22
2002-05-21,6.889995,6.889995,6.03,6.15,509500,4.10
2002-05-20,6.550005,6.99,6.529995,6.730005,342400,4.48667
2002-05-17,6.340005,6.589995,6.259995,6.439995,253800,4.29333
2002-05-16,6.60,6.60,6.00,6.27,451300,4.18
2002-05-15,6.15,6.379995,6.100005,6.370005,421200,4.24667
2002-05-14,5.70,6.09,5.40,6.049995,361300,4.03333
2002-05-13,5.869995,5.88,5.320005,5.70,275200,3.80
2002-05-10,5.479995,5.830005,5.239995,5.79,593800,3.86
2002-05-09,4.98,5.239995,4.98,5.080005,154500,3.38667
2002-05-08,5.020005,5.029995,4.80,4.98,88600,3.32
2002-05-07,5.269995,5.299995,4.549995,4.900005,363600,3.26667
2002-05-06,5.440005,5.49,5.260005,5.269995,178800,3.51333
2002-05-03,5.40,5.49,5.140005,5.40,268200,3.60
2002-05-02,5.590005,5.599995,5.299995,5.350005,170400,3.56667
2002-05-01,5.650005,5.689995,5.260005,5.500005,264400,3.66667
2002-04-30,5.290005,5.599995,5.28,5.590005,202600,3.72667
2002-04-29,5.440005,5.470005,4.98,5.380005,208200,3.58667
2002-04-26,5.449995,5.449995,5.110005,5.34,276300,3.56
2002-04-25,4.98,5.299995,4.789995,5.22,233500,3.48
2002-04-24,5.07,5.170005,4.83,4.999995,136500,3.33333
2002-04-23,5.170005,5.290005,4.750005,5.050005,305400,3.36667
2002-04-22,5.22,5.380005,4.999995,5.149995,361600,3.43333
2002-04-19,4.77,5.179995,4.77,5.140005,373200,3.42667
2002-04-18,4.83,4.879995,4.65,4.780005,125700,3.18667
2002-04-17,4.95,4.990005,4.660005,4.849995,214200,3.23333
2002-04-16,4.83,5.04,4.549995,4.86,558400,3.24
2002-04-15,4.150005,4.47,4.150005,4.450005,155100,2.96667
2002-04-12,4.35,4.399995,4.05,4.150005,170800,2.76667
2002-04-11,4.420005,4.549995,4.249995,4.399995,120900,2.93333
2002-04-10,4.339995,4.609995,4.339995,4.390005,190200,2.92667
2002-04-09,4.59,4.65,4.309995,4.330005,103600,2.88667
2002-04-08,4.819995,4.840005,4.249995,4.53,553300,3.02
2002-04-05,4.999995,5.080005,4.639995,4.98,278500,3.32
2002-04-04,4.50,4.999995,4.50,4.95,602100,3.30
2002-04-03,3.910005,4.030005,3.889995,4.009995,42100,2.67333
2002-04-02,4.150005,4.150005,3.880005,4.000005,41700,2.66667
2002-04-01,4.480005,4.489995,3.769995,4.20,142600,2.80
2002-03-28,4.099995,4.189995,4.099995,4.17,46200,2.78
2002-03-27,4.53,4.540005,4.099995,4.17,78400,2.78
2002-03-26,4.450005,4.570005,4.20,4.300005,100800,2.86667
2002-03-25,4.489995,4.540005,4.189995,4.44,151600,2.96
2002-03-22,4.099995,4.14,3.850005,4.05,60000,2.70
2002-03-21,4.08,4.099995,3.949995,4.090005,42300,2.72667
2002-03-20,4.270005,4.300005,3.850005,4.099995,160000,2.73333
2002-03-19,4.279995,4.489995,4.26,4.360005,208800,2.90667
2002-03-18,4.000005,4.44,3.99,4.300005,346000,2.86667
2002-03-15,4.009995,4.090005,3.700005,3.850005,103000,2.56667
2002-03-14,3.78,3.99,3.700005,3.99,297700,2.66
2002-03-13,3.550005,3.739995,3.30,3.739995,429000,2.49333
2002-03-12,3.349995,3.589995,3.349995,3.580005,172600,2.38667
2002-03-11,3.439995,3.439995,3.280005,3.42,40300,2.28
2002-03-08,3.289995,3.400005,3.21,3.319995,15600,2.21333
2002-03-07,3.30,3.349995,3.18,3.30,10300,2.20
2002-03-06,3.30,3.490005,3.199995,3.36,41200,2.24
2002-03-05,3.439995,3.490005,3.349995,3.45,9300,2.30
2002-03-04,3.160005,3.430005,3.130005,3.430005,27400,2.28667
2002-03-01,3.169995,3.169995,3.130005,3.160005,16000,2.10667
2002-02-28,3.220005,3.24,3.109995,3.18,21000,2.12
2002-02-27,3.12,3.250005,3.049995,3.15,26800,2.10
2002-02-26,3.250005,3.259995,3.049995,3.259995,31600,2.17333
2002-02-25,3.040005,3.30,2.959995,3.250005,47400,2.16667
2002-02-22,2.839995,3.070005,2.73,3.00,45300,2.00
2002-02-21,3.019995,3.019995,2.82,2.950005,25900,1.96667
2002-02-20,2.88,3.00,2.73,2.97,67300,1.98
2002-02-19,2.989995,3.00,2.91,2.91,32100,1.94
2002-02-15,3.100005,3.139995,2.959995,3.00,85900,2.00
2002-02-14,3.079995,3.139995,3.079995,3.109995,12600,2.07333
2002-02-13,3.250005,3.250005,3.010005,3.09,10300,2.06
2002-02-12,3.15,3.45,2.749995,3.250005,39000,2.16667
2002-02-11,3.33,3.33,2.929995,3.229995,25500,2.15333
2002-02-08,3.169995,3.379995,3.049995,3.340005,49200,2.22667
2002-02-07,3.24,3.24,2.749995,3.199995,110400,2.13333
2002-02-06,3.280005,3.30,3.06,3.229995,44200,2.15333
2002-02-05,3.430005,3.45,2.830005,3.349995,163000,2.23333
2002-02-04,3.84,3.850005,3.019995,3.430005,289000,2.28667
2002-02-01,3.39,3.679995,3.310005,3.550005,303300,2.36667
2002-01-31,2.950005,3.379995,2.950005,3.349995,511900,2.23333
2002-01-30,2.70,2.920005,2.539995,2.920005,128800,1.94667
2002-01-29,2.749995,2.800005,2.509995,2.680005,75900,1.78667
2002-01-28,2.989995,2.989995,2.530005,2.860005,136000,1.90667
2002-01-25,3.00,3.070005,2.740005,2.91,64900,1.94
2002-01-24,2.55,2.989995,2.52,2.929995,263800,1.95333
2002-01-23,2.350005,2.539995,2.299995,2.539995,177400,1.69333
2002-01-22,2.470005,2.470005,2.119995,2.299995,44700,1.53333
2002-01-18,2.500005,2.500005,2.25,2.419995,97300,1.61333
2002-01-17,2.449995,2.500005,2.290005,2.449995,11200,1.63333
2002-01-16,2.389995,2.46,2.269995,2.449995,29200,1.63333
2002-01-15,2.329995,2.55,2.329995,2.49,19900,1.66
2002-01-14,2.43,2.629995,2.389995,2.500005,71500,1.66667
2002-01-11,2.329995,2.43,2.179995,2.25,35200,1.50
2002-01-10,2.31,2.350005,2.290005,2.320005,27600,1.54667
2002-01-09,2.170005,2.269995,2.170005,2.269995,53100,1.51333
2002-01-08,2.07,2.25,2.07,2.19,10200,1.46
2002-01-07,2.239995,2.25,2.07,2.149995,30000,1.43333
2002-01-04,2.170005,2.230005,2.10,2.230005,87100,1.48667
2002-01-03,2.01,2.149995,2.01,2.149995,144600,1.43333
2002-01-02,1.969995,2.050005,1.969995,2.04,9600,1.36
2001-12-31,1.930005,2.029995,1.930005,1.999995,39100,1.33333
2001-12-28,1.969995,2.080005,1.909995,2.029995,106800,1.35333
2001-12-27,1.92,2.07,1.92,2.020005,102100,1.34667
2001-12-26,1.900005,1.930005,1.900005,1.92,8700,1.28
2001-12-24,1.909995,1.98,1.909995,1.92,23500,1.28
2001-12-21,1.95,1.990005,1.900005,1.98,46600,1.32
2001-12-20,1.95,1.999995,1.95,1.95,56800,1.30
2001-12-19,2.01,2.059995,1.969995,2.029995,111300,1.35333
2001-12-18,2.020005,2.07,1.879995,2.07,78700,1.38
2001-12-17,1.80,2.110005,1.80,2.080005,237100,1.38667
2001-12-14,1.849995,1.939995,1.849995,1.939995,28300,1.29333
2001-12-13,1.870005,1.879995,1.849995,1.86,36100,1.24
2001-12-12,1.699995,1.900005,1.699995,1.849995,22900,1.23333
2001-12-11,1.789995,1.89,1.65,1.849995,40500,1.23333
2001-12-10,1.879995,1.900005,1.789995,1.849995,22500,1.23333
2001-12-07,1.909995,1.95,1.900005,1.92,23800,1.28
2001-12-06,1.939995,1.95,1.930005,1.930005,16600,1.28667
2001-12-05,1.98,1.98,1.900005,1.98,76000,1.32
2001-12-04,1.999995,2.04,1.939995,1.939995,67200,1.29333
2001-12-03,1.98,2.029995,1.95,2.01,68800,1.34
2001-11-30,1.930005,1.990005,1.930005,1.98,21900,1.32
2001-11-29,1.939995,1.939995,1.939995,1.939995,000,1.29333
2001-11-28,1.900005,1.939995,1.59,1.939995,51900,1.29333
2001-11-27,1.909995,1.969995,1.80,1.900005,43300,1.26667
2001-11-26,1.65,1.939995,1.53,1.909995,62700,1.27333
2001-11-23,1.62,1.699995,1.62,1.65,5500,1.10
2001-11-21,1.600005,1.68,1.579995,1.62,66000,1.08
2001-11-20,1.50,1.62,1.480005,1.549995,162300,1.03333
2001-11-19,1.38,1.540005,1.300005,1.50,49800,1.00
2001-11-16,1.32,1.399995,1.279995,1.38,53400,0.92
2001-11-15,1.35,1.35,1.32,1.35,3000,0.90
2001-11-14,1.420005,1.50,1.360005,1.369995,34300,0.91333
2001-11-13,1.360005,1.360005,1.360005,1.360005,1500,0.90667
2001-11-12,1.35,1.489995,1.35,1.360005,18400,0.90667
2001-11-09,1.369995,1.429995,1.360005,1.360005,15100,0.90667
2001-11-08,1.369995,1.450005,1.369995,1.429995,10600,0.95333
2001-11-07,1.32,1.480005,1.32,1.47,18400,0.98
2001-11-06,1.399995,1.480005,1.399995,1.450005,63900,0.96667
2001-11-05,1.20,1.450005,1.08,1.390005,58500,0.92667
2001-11-02,1.249995,1.249995,1.150005,1.20,9900,0.80
2001-11-01,1.099995,1.300005,1.099995,1.300005,56500,0.86667
2001-10-31,1.090005,1.159995,1.090005,1.159995,11400,0.77333
2001-10-30,1.08,1.20,1.05,1.20,82200,0.80
2001-10-29,1.099995,1.099995,1.08,1.08,10900,0.72
2001-10-26,1.120005,1.120005,1.120005,1.120005,1200,0.74667
2001-10-25,1.069995,1.219995,1.069995,1.099995,64600,0.73333
2001-10-24,1.099995,1.150005,1.090005,1.090005,16200,0.72667
2001-10-23,1.009995,1.14,1.009995,1.090005,22000,0.72667
2001-10-22,1.030005,1.08,1.02,1.069995,9300,0.71333
2001-10-19,0.96,1.08,0.96,1.08,1000,0.72
2001-10-18,1.05,1.060005,0.979995,1.02,62700,0.68
2001-10-17,1.039995,1.039995,0.90,1.039995,33900,0.69333
2001-10-16,1.030005,1.08,0.96,1.069995,46500,0.71333
2001-10-15,0.949995,1.05,0.949995,1.05,7800,0.70
2001-10-12,1.02,1.02,0.949995,1.009995,19200,0.67333
2001-10-11,1.02,1.02,0.910005,1.000005,4000,0.66667
2001-10-10,0.949995,1.000005,0.949995,1.000005,40200,0.66667
2001-10-09,1.02,1.030005,0.949995,1.02,45300,0.68
2001-10-08,0.949995,1.030005,0.919995,1.030005,81600,0.68667
2001-10-05,0.99,1.000005,0.940005,0.940005,3100,0.62667
2001-10-04,0.889995,0.940005,0.889995,0.940005,1900,0.62667
2001-10-03,0.889995,0.96,0.889995,0.96,54400,0.64
2001-10-02,0.90,0.940005,0.889995,0.90,19300,0.60
2001-10-01,0.889995,0.99,0.889995,0.99,7200,0.66
2001-09-28,0.889995,1.000005,0.889995,1.000005,4300,0.66667
2001-09-27,0.96,0.99,0.889995,0.979995,17200,0.65333
2001-09-26,0.96,0.96,0.96,0.96,100,0.64
2001-09-25,0.93,0.940005,0.87,0.889995,13000,0.59333
2001-09-24,0.87,0.880005,0.87,0.87,3600,0.58
2001-09-21,0.84,0.850005,0.84,0.84,10000,0.56
2001-09-20,0.919995,0.99,0.84,0.889995,57600,0.59333
2001-09-19,0.949995,1.000005,0.93,0.93,18000,0.62
2001-09-18,0.87,0.949995,0.87,0.949995,5800,0.63333
2001-09-17,0.949995,0.949995,0.87,0.949995,8400,0.63333
2001-09-10,0.880005,1.060005,0.880005,1.05,10900,0.70
2001-09-07,1.05,1.05,0.859995,1.05,8400,0.70
2001-09-06,1.05,1.150005,1.05,1.150005,1600,0.76667
2001-09-05,1.099995,1.20,1.05,1.20,34000,0.80
2001-09-04,1.210005,1.23,1.11,1.189995,17100,0.79333
2001-08-31,0.81,1.210005,0.81,1.210005,21100,0.80667
2001-08-30,0.949995,1.090005,0.81,1.090005,3700,0.72667
2001-08-29,1.099995,1.099995,0.859995,1.090005,20400,0.72667
2001-08-28,1.069995,1.099995,1.069995,1.069995,8800,0.71333
2001-08-27,1.05,1.05,1.02,1.02,3400,0.68
2001-08-24,1.129995,1.129995,1.099995,1.099995,700,0.73333
2001-08-23,0.93,1.08,0.93,1.08,600,0.72
2001-08-22,1.000005,1.05,0.93,1.000005,14800,0.66667
2001-08-21,1.000005,1.060005,1.000005,1.060005,5800,0.70667
2001-08-20,1.009995,1.08,0.979995,1.08,14200,0.72
2001-08-17,1.150005,1.150005,1.009995,1.14,3400,0.76
2001-08-16,1.099995,1.150005,1.000005,1.150005,24700,0.76667
2001-08-15,1.120005,1.20,0.970005,1.189995,31500,0.79333
2001-08-14,1.120005,1.240005,1.120005,1.20,3100,0.80
2001-08-13,1.150005,1.240005,1.099995,1.240005,16800,0.82667
2001-08-10,1.26,1.26,1.26,1.26,3000,0.84
2001-08-09,1.249995,1.249995,1.249995,1.249995,000,0.83333
2001-08-08,1.249995,1.249995,1.249995,1.249995,000,0.83333
2001-08-07,1.219995,1.249995,1.20,1.249995,7500,0.83333
2001-08-06,1.219995,1.219995,1.219995,1.219995,1000,0.81333
2001-08-03,1.219995,1.35,1.219995,1.339995,7800,0.89333
2001-08-02,1.309995,1.41,1.26,1.26,7500,0.84
2001-08-01,1.390005,1.41,1.26,1.26,9100,0.84
2001-07-31,1.240005,1.44,1.210005,1.38,11200,0.92
2001-07-30,1.32,1.38,1.279995,1.38,2700,0.92
2001-07-27,1.459995,1.459995,1.20,1.330005,80100,0.88667
2001-07-26,1.420005,1.459995,1.420005,1.459995,3400,0.97333
2001-07-25,1.35,1.459995,1.26,1.420005,10900,0.94667
2001-07-24,1.489995,1.549995,1.29,1.44,95500,0.96
2001-07-23,1.510005,1.510005,1.50,1.50,2200,1.00
2001-07-20,1.519995,1.570005,1.450005,1.489995,44500,0.99333
2001-07-19,1.59,1.65,1.549995,1.549995,23800,1.03333
2001-07-18,1.59,1.609995,1.50,1.579995,104800,1.05333
2001-07-17,1.53,1.699995,1.309995,1.62,42600,1.08
2001-07-16,1.399995,1.540005,1.279995,1.540005,8700,1.02667
2001-07-13,1.59,1.59,1.399995,1.50,11100,1.00
2001-07-12,1.62,1.71,1.540005,1.540005,11100,1.02667
2001-07-11,1.450005,1.540005,1.399995,1.53,10800,1.02
2001-07-10,1.360005,1.549995,1.360005,1.549995,13000,1.03333
2001-07-09,1.549995,1.549995,1.360005,1.540005,21300,1.02667
2001-07-06,1.50,1.59,1.429995,1.59,3900,1.06
2001-07-05,1.600005,1.600005,1.420005,1.50,38500,1.00
2001-07-03,1.65,1.690005,1.549995,1.600005,5700,1.06667
2001-07-02,1.65,1.65,1.390005,1.59,10200,1.06
2001-06-29,1.630005,1.68,1.549995,1.600005,41400,1.06667
2001-06-28,1.330005,1.65,1.330005,1.65,47800,1.10
2001-06-27,1.429995,1.50,1.420005,1.50,4200,1.00
2001-06-26,1.399995,1.44,1.35,1.44,8700,0.96
2001-06-25,1.50,1.549995,1.38,1.399995,21300,0.93333
2001-06-22,1.489995,1.50,1.429995,1.459995,27900,0.97333
2001-06-21,1.459995,1.50,1.429995,1.459995,12900,0.97333
2001-06-20,1.210005,1.510005,1.180005,1.50,50400,1.00
2001-06-19,1.330005,1.35,1.180005,1.300005,33000,0.86667
2001-06-18,1.360005,1.489995,1.17,1.309995,63700,0.87333
2001-06-15,1.459995,1.549995,1.02,1.35,88000,0.90
2001-06-14,1.429995,1.56,1.420005,1.459995,176200,0.97333
2001-06-13,1.099995,1.420005,1.099995,1.35,138300,0.90
2001-06-12,1.150005,1.17,0.949995,1.11,166000,0.74
2001-06-11,1.030005,1.219995,1.000005,1.14,143200,0.76
2001-06-08,1.030005,1.039995,0.970005,0.99,141700,0.66
2001-06-07,0.760005,1.05,0.760005,0.940005,129100,0.62667
2001-06-06,0.769995,0.769995,0.69,0.69,7800,0.46
2001-06-05,0.859995,0.859995,0.700005,0.739995,48000,0.49333
2001-06-04,0.739995,0.889995,0.739995,0.859995,25800,0.57333
2001-06-01,0.60,0.78,0.60,0.700005,58600,0.46667
2001-05-31,0.580005,0.799995,0.580005,0.700005,66400,0.46667
2001-05-30,0.57,0.57,0.54,0.550005,172300,0.36667
2001-05-29,0.57,0.580005,0.550005,0.550005,135900,0.36667
2001-05-25,0.57,0.57,0.54,0.550005,65400,0.36667
2001-05-24,0.57,0.649995,0.520005,0.559995,151800,0.37333
2001-05-23,0.57,0.649995,0.520005,0.57,875500,0.38
2001-05-22,0.57,0.57,0.529995,0.529995,124800,0.35333
2001-05-21,0.589995,0.589995,0.529995,0.550005,87400,0.36667
2001-05-18,0.529995,0.550005,0.45,0.499995,349600,0.33333
2001-05-17,0.799995,0.799995,0.48,0.529995,108900,0.35333
2001-05-16,0.799995,0.81,0.769995,0.769995,84100,0.51333
2001-05-15,0.820005,0.850005,0.760005,0.81,60600,0.54
2001-05-14,0.96,0.96,0.769995,0.769995,57400,0.51333
2001-05-11,0.96,0.96,0.96,0.96,3000,0.64
2001-05-10,0.96,0.970005,0.96,0.970005,1900,0.64667
2001-05-09,0.96,1.000005,0.949995,0.96,9600,0.64
2001-05-08,0.90,1.009995,0.90,0.979995,19200,0.65333
2001-05-07,1.05,1.05,0.90,0.99,27700,0.66
2001-05-04,0.889995,1.150005,0.889995,1.14,89100,0.76
2001-05-03,0.90,0.90,0.850005,0.850005,12300,0.56667
2001-05-02,0.90,0.90,0.90,0.90,13000,0.60
2001-05-01,0.90,0.90,0.799995,0.90,9000,0.60
2001-04-30,0.93,0.949995,0.880005,0.93,4800,0.62
2001-04-27,1.000005,1.000005,0.850005,0.99,15300,0.66
2001-04-26,0.93,0.99,0.90,0.99,12700,0.66
2001-04-25,0.96,1.090005,0.919995,1.090005,11400,0.72667
2001-04-24,0.96,0.96,0.96,0.96,10800,0.64
2001-04-23,0.970005,0.970005,0.940005,0.970005,18600,0.64667
2001-04-20,0.93,0.99,0.919995,0.99,34500,0.66
2001-04-19,0.919995,0.99,0.880005,0.880005,34900,0.58667
2001-04-18,0.940005,0.99,0.859995,0.99,92800,0.66
2001-04-17,1.000005,1.05,0.66,0.970005,137100,0.64667
2001-04-16,1.390005,1.390005,1.000005,1.099995,31800,0.73333
2001-04-12,1.38,1.38,1.150005,1.249995,12700,0.83333
2001-04-11,1.540005,1.540005,1.20,1.300005,5700,0.86667
2001-04-10,1.44,1.44,1.279995,1.300005,14500,0.86667
2001-04-09,1.38,1.38,1.300005,1.32,4600,0.88
2001-04-06,1.40625,1.437495,1.375005,1.375005,4600,0.91667
2001-04-05,1.437495,1.468755,1.375005,1.468755,3700,0.97917
2001-04-04,1.50,1.50,1.437495,1.437495,23700,0.95833
2001-04-03,1.3125,1.50,1.156245,1.50,34500,1.00
2001-04-02,1.531245,1.624995,1.375005,1.624995,5500,1.08333
2001-03-30,1.562505,1.718745,1.437495,1.59375,23100,1.0625
2001-03-29,1.6875,1.6875,1.437495,1.624995,15900,1.08333
2001-03-28,1.750005,1.78125,1.6875,1.6875,18600,1.125
2001-03-27,1.718745,1.875,1.656255,1.812495,61200,1.20833
2001-03-26,1.843755,1.843755,1.718745,1.718745,1800,1.14583
2001-03-23,1.562505,1.937505,1.3125,1.812495,96900,1.20833
2001-03-22,1.624995,1.624995,1.624995,1.624995,1500,1.08333
2001-03-21,1.79688,1.812495,1.562505,1.750005,6700,1.16667
2001-03-20,1.750005,1.750005,1.6875,1.6875,3000,1.125
2001-03-19,1.78125,1.812495,1.624995,1.750005,120100,1.16667
2001-03-16,1.78125,1.79688,1.750005,1.78125,54900,1.1875
2001-03-15,1.937505,1.999995,1.78125,1.79688,7000,1.19792
2001-03-14,1.875,1.875,1.812495,1.812495,12600,1.20833
2001-03-13,1.875,1.875,1.875,1.875,900,1.25
2001-03-12,1.78125,1.875,1.750005,1.875,36600,1.25
2001-03-09,1.875,1.875,1.875,1.875,900,1.25
2001-03-08,1.999995,1.999995,1.999995,1.999995,000,1.33333
2001-03-07,1.999995,2.125005,1.999995,1.999995,2800,1.33333
2001-03-06,2.109375,2.125005,1.875,2.125005,7200,1.41667
2001-03-05,2.25,2.25,1.999995,2.125005,23200,1.41667
2001-03-02,2.25,2.25,2.15625,2.187495,5200,1.45833
2001-03-01,2.25,2.25,2.187495,2.25,28800,1.50
2001-02-28,1.999995,2.4375,1.999995,2.4375,80500,1.625
2001-02-27,1.750005,1.937505,1.750005,1.937505,53200,1.29167
2001-02-26,1.937505,1.999995,1.750005,1.999995,7000,1.33333
2001-02-23,1.750005,1.999995,1.50,1.999995,33600,1.33333
2001-02-22,1.67187,1.875,1.67187,1.875,10900,1.25
2001-02-21,1.6875,1.6875,1.50,1.50,4500,1.00
2001-02-20,1.750005,1.750005,1.6875,1.6875,17700,1.125
2001-02-16,1.750005,1.750005,1.750005,1.750005,1300,1.16667
2001-02-15,1.750005,1.750005,1.750005,1.750005,12400,1.16667
2001-02-14,1.843755,1.843755,1.750005,1.750005,21000,1.16667
2001-02-13,1.750005,1.750005,1.750005,1.750005,400,1.16667
2001-02-12,1.843755,1.843755,1.750005,1.843755,5100,1.22917
2001-02-09,1.750005,1.843755,1.750005,1.750005,11200,1.16667
2001-02-08,1.750005,1.812495,1.750005,1.750005,46600,1.16667
2001-02-07,1.812495,1.812495,1.6875,1.750005,39700,1.16667
2001-02-06,1.750005,1.937505,1.750005,1.875,29700,1.25
2001-02-05,1.750005,1.96875,1.624995,1.96875,12900,1.3125
2001-02-02,1.6875,1.6875,1.50,1.562505,14700,1.04167
2001-02-01,1.812495,1.937505,1.6875,1.750005,5200,1.16667
2001-01-31,1.750005,1.999995,1.624995,1.937505,69000,1.29167
2001-01-30,1.875,1.875,1.750005,1.750005,4500,1.16667
2001-01-29,1.937505,1.937505,1.937505,1.937505,600,1.29167
2001-01-26,1.95312,2.0625,1.937505,1.96875,45000,1.3125
2001-01-25,1.875,1.999995,1.875,1.96875,51400,1.3125
2001-01-24,1.875,1.999995,1.6875,1.999995,54300,1.33333
2001-01-23,1.875,1.937505,1.812495,1.937505,10800,1.29167
2001-01-22,1.76562,1.937505,1.6875,1.875,21400,1.25
2001-01-19,1.375005,1.875,1.3125,1.875,159600,1.25
2001-01-18,1.437495,1.50,1.375005,1.437495,20100,0.95833
2001-01-17,1.59375,1.59375,1.375005,1.375005,18900,0.91667
2001-01-16,1.59375,1.59375,1.375005,1.375005,88500,0.91667
2001-01-12,1.50,1.59375,1.375005,1.59375,8700,1.0625
2001-01-11,1.468755,1.6875,1.3125,1.624995,75700,1.08333
2001-01-10,1.437495,1.437495,1.343745,1.343745,15900,0.89583
2001-01-09,1.375005,1.437495,1.249995,1.437495,17200,0.95833
2001-01-08,1.468755,1.50,1.125,1.249995,19800,0.83333
2001-01-05,1.50,1.562505,1.249995,1.375005,19300,0.91667
2001-01-04,1.624995,1.624995,1.375005,1.50,16800,1.00
2001-01-03,1.50,1.50,1.50,1.50,600,1.00
2001-01-02,1.437495,1.562505,1.40625,1.40625,4500,0.9375
2000-12-29,1.062495,1.437495,1.000005,1.437495,342600,0.95833
2000-12-28,1.062495,1.062495,0.874995,0.968745,209200,0.64583
2000-12-27,1.03125,1.062495,0.9375,1.000005,74100,0.66667
2000-12-26,1.125,1.125,1.03125,1.125,53500,0.75
2000-12-22,1.249995,1.375005,1.062495,1.249995,126000,0.83333
2000-12-21,1.249995,1.375005,1.249995,1.3125,47400,0.875
2000-12-20,1.375005,1.375005,1.249995,1.249995,36300,0.83333
2000-12-19,1.3125,1.50,1.249995,1.437495,91200,0.95833
2000-12-18,1.375005,1.50,1.249995,1.437495,129100,0.95833
2000-12-15,1.562505,1.624995,1.437495,1.437495,215100,0.95833
2000-12-14,1.50,1.812495,1.50,1.812495,19800,1.20833
2000-12-13,1.562505,1.78125,1.50,1.531245,10200,1.02083
2000-12-12,1.6875,1.6875,1.531245,1.624995,7200,1.08333
2000-12-11,1.531245,1.812495,1.531245,1.812495,55500,1.20833
2000-12-08,1.624995,1.750005,1.50,1.531245,28200,1.02083
2000-12-07,1.750005,1.812495,1.50,1.50,91300,1.00
2000-12-06,1.875,1.875,1.750005,1.750005,44700,1.16667
2000-12-05,1.937505,1.999995,1.875,1.875,12700,1.25
2000-12-04,1.921875,2.0625,1.78125,1.812495,38400,1.20833
2000-12-01,1.906245,2.093745,1.906245,1.937505,18300,1.29167
2000-11-30,1.812495,2.0625,1.812495,2.0625,154800,1.375
2000-11-29,1.875,1.999995,1.750005,1.937505,15000,1.29167
2000-11-28,1.999995,2.125005,1.750005,1.875,42900,1.25
2000-11-27,1.875,1.875,1.843755,1.875,9600,1.25
2000-11-24,1.937505,1.96875,1.937505,1.96875,12100,1.3125
2000-11-22,1.875,1.875,1.750005,1.875,7200,1.25
2000-11-21,1.750005,1.999995,1.750005,1.999995,47100,1.33333
2000-11-20,1.875,1.999995,1.6875,1.6875,71400,1.125
2000-11-17,1.999995,1.999995,1.875,1.999995,7900,1.33333
2000-11-16,1.875,1.937505,1.875,1.937505,32500,1.29167
2000-11-15,2.015625,2.015625,1.937505,1.999995,72700,1.33333
2000-11-14,2.125005,2.187495,1.96875,1.96875,9300,1.3125
2000-11-13,1.999995,1.999995,1.875,1.999995,21400,1.33333
2000-11-10,1.999995,1.999995,1.999995,1.999995,33300,1.33333
2000-11-09,2.187495,2.187495,1.999995,1.999995,2200,1.33333
2000-11-08,2.093745,2.093745,1.999995,1.999995,38700,1.33333
2000-11-07,2.125005,2.25,1.999995,1.999995,10300,1.33333
2000-11-06,2.281245,2.500005,2.125005,2.187495,31800,1.45833
2000-11-03,2.312505,2.34375,2.125005,2.125005,7300,1.41667
2000-11-02,2.093745,2.500005,2.093745,2.374995,48400,1.58333
2000-11-01,2.374995,2.406255,2.187495,2.187495,48600,1.45833
2000-10-31,1.875,2.4375,1.875,2.4375,33400,1.625
2000-10-30,2.125005,2.125005,1.78125,1.999995,48300,1.33333
2000-10-27,1.999995,2.125005,1.875,2.093745,20200,1.39583
2000-10-26,2.187495,2.312505,1.750005,2.0625,59700,1.375
2000-10-25,2.296875,2.374995,2.218755,2.218755,23400,1.47917
2000-10-24,2.281245,2.374995,2.281245,2.374995,2200,1.58333
2000-10-23,2.42187,2.42187,2.25,2.281245,47200,1.52083
2000-10-20,2.25,2.4375,2.25,2.374995,18600,1.58333
2000-10-19,2.4375,2.4375,2.25,2.374995,39000,1.58333
2000-10-18,2.312505,2.4375,2.312505,2.312505,55500,1.54167
2000-10-17,2.312505,2.4375,2.187495,2.374995,65500,1.58333
2000-10-16,2.374995,2.374995,2.187495,2.34375,47400,1.5625
2000-10-13,2.312505,2.374995,2.25,2.25,30300,1.50
2000-10-12,2.25,2.374995,2.25,2.312505,167400,1.54167
2000-10-11,2.374995,2.374995,2.093745,2.312505,84700,1.54167
2000-10-10,2.25,2.374995,2.218755,2.374995,393300,1.58333
2000-10-09,2.07813,2.25,1.999995,2.25,61000,1.50
2000-10-06,2.0625,2.125005,1.999995,2.125005,20400,1.41667
2000-10-05,1.96875,2.0625,1.750005,2.0625,212800,1.375
2000-10-04,1.875,2.0625,1.734375,1.750005,18000,1.16667
2000-10-03,1.999995,2.125005,1.624995,1.875,53500,1.25
2000-10-02,1.67187,2.125005,1.50,1.937505,192400,1.29167
2000-09-29,2.031255,2.25,1.437495,1.437495,403200,0.95833
2000-09-28,2.187495,2.281245,1.937505,2.093745,144600,1.39583
2000-09-27,2.187495,2.4375,2.187495,2.187495,19600,1.45833
2000-09-26,2.125005,2.25,2.125005,2.187495,67300,1.45833
2000-09-25,2.687505,2.8125,1.999995,2.187495,323400,1.45833
2000-09-22,2.656245,2.781255,2.562495,2.562495,24700,1.70833
2000-09-21,2.687505,2.687505,2.625,2.687505,5100,1.79167
2000-09-20,2.8125,2.8125,2.687505,2.749995,19500,1.83333
2000-09-19,2.8125,2.8125,2.749995,2.8125,3700,1.875
2000-09-18,2.937495,2.937495,2.8125,2.875005,123300,1.91667
2000-09-15,2.8125,2.90625,2.8125,2.90625,67500,1.9375
2000-09-14,2.875005,2.937495,2.8125,2.8125,40300,1.875
2000-09-13,2.749995,2.875005,2.625,2.8125,196800,1.875
2000-09-12,2.625,2.625,2.625,2.625,6000,1.75
2000-09-11,2.749995,2.8125,2.625,2.656245,31500,1.77083
2000-09-08,2.687505,2.968755,2.562495,2.8125,698100,1.875
2000-09-07,2.625,2.749995,2.625,2.625,38500,1.75
2000-09-06,2.500005,2.625,2.500005,2.625,5800,1.75
2000-09-05,2.500005,2.625,2.500005,2.500005,18300,1.66667
2000-09-01,2.23437,2.500005,2.23437,2.500005,34600,1.66667
2000-08-31,2.500005,2.500005,1.999995,2.125005,439900,1.41667
2000-08-30,2.562495,2.562495,2.4375,2.468745,92700,1.64583
2000-08-29,2.54688,2.562495,2.4375,2.4375,195600,1.625
2000-08-28,2.625,3.00,2.374995,2.4375,186900,1.625
2000-08-25,2.562495,2.749995,2.562495,2.625,5100,1.75
2000-08-24,2.937495,3.062505,2.562495,2.562495,79000,1.70833
2000-08-23,2.781255,2.875005,2.781255,2.781255,1200,1.85417
2000-08-22,2.781255,2.781255,2.781255,2.781255,1500,1.85417
2000-08-21,3.031245,3.062505,2.749995,2.749995,34300,1.83333
2000-08-18,3.375,3.375,3.124995,3.124995,12600,2.08333
2000-08-17,3.625005,3.625005,3.250005,3.250005,72600,2.16667
2000-08-16,3.437505,3.499995,3.437505,3.499995,16000,2.33333
2000-08-15,3.499995,3.499995,3.375,3.375,30300,2.25
2000-08-14,3.124995,3.375,3.124995,3.375,10600,2.25
2000-08-11,2.687505,3.687495,2.687505,3.375,116700,2.25
2000-08-10,2.687505,2.749995,2.625,2.749995,15600,1.83333
2000-08-09,2.875005,2.875005,2.687505,2.749995,38200,1.83333
2000-08-08,2.687505,2.749995,2.687505,2.687505,4200,1.79167
2000-08-07,2.8125,2.937495,2.749995,2.749995,15900,1.83333
2000-08-04,2.749995,2.968755,2.687505,2.687505,29800,1.79167
2000-08-03,2.843745,2.937495,2.687505,2.875005,39400,1.91667
2000-08-02,2.781255,2.8125,2.687505,2.749995,23200,1.83333
2000-08-01,2.500005,2.749995,2.468745,2.749995,198000,1.83333
2000-07-31,2.312505,2.625,2.281245,2.281245,21700,1.52083
2000-07-28,2.60937,3.00,2.468745,2.468745,44400,1.64583
2000-07-27,2.468745,3.00,2.468745,2.500005,6100,1.66667
2000-07-26,2.468745,2.687505,2.468745,2.687505,17200,1.79167
2000-07-25,2.51562,2.687505,2.500005,2.687505,39100,1.79167
2000-07-24,2.500005,2.687505,2.4375,2.562495,64600,1.70833
2000-07-21,2.500005,2.593755,2.4375,2.500005,47700,1.66667
2000-07-20,2.53125,2.687505,2.500005,2.500005,32800,1.66667
2000-07-19,2.781255,2.781255,2.500005,2.71875,49900,1.8125
2000-07-18,2.687505,2.875005,2.625,2.875005,73900,1.91667
2000-07-17,2.875005,2.968755,2.687505,2.875005,75100,1.91667
2000-07-14,2.73438,2.937495,2.71875,2.937495,35400,1.95833
2000-07-13,2.562495,2.749995,2.562495,2.687505,59500,1.79167
2000-07-12,2.562495,2.64063,2.500005,2.625,52000,1.75
2000-07-11,2.625,2.843745,2.625,2.64063,53100,1.76042
2000-07-10,2.562495,2.687505,2.562495,2.625,87300,1.75
2000-07-07,2.625,2.781255,2.500005,2.500005,40300,1.66667
2000-07-06,2.781255,2.781255,2.500005,2.500005,17100,1.66667
2000-07-05,2.656245,2.781255,2.562495,2.749995,74100,1.83333
2000-07-03,3.00,3.250005,2.500005,2.500005,87300,1.66667
2000-06-30,2.4375,3.250005,2.218755,3.1875,560800,2.125
2000-06-29,2.843745,2.843745,2.25,2.374995,190900,1.58333
2000-06-28,3.00,3.00,2.875005,2.90625,60000,1.9375
2000-06-27,2.968755,3.10938,2.875005,2.90625,17100,1.9375
2000-06-26,3.00,3.062505,3.00,3.00,13600,2.00
2000-06-23,3.00,3.499995,2.968755,3.00,82600,2.00
2000-06-22,3.031245,3.031245,3.00,3.00,4500,2.00
2000-06-21,2.937495,3.218745,2.875005,3.031245,28800,2.02083
2000-06-20,3.250005,3.250005,2.937495,2.937495,5200,1.95833
2000-06-19,2.8125,3.1875,2.749995,2.875005,11500,1.91667
2000-06-16,2.71875,3.218745,2.500005,3.062505,83100,2.04167
2000-06-15,3.375,3.375,2.468745,2.625,131500,1.75
2000-06-14,3.437505,3.499995,3.00,3.218745,79800,2.14583
2000-06-13,3.09375,3.437505,3.062505,3.437505,77400,2.29167
2000-06-12,3.00,3.00,2.625,2.875005,71700,1.91667
2000-06-09,3.031245,3.031245,2.937495,2.968755,32400,1.97917
2000-06-08,3.09375,3.250005,3.00,3.00,66700,2.00
2000-06-07,3.250005,3.375,3.00,3.062505,61200,2.04167
2000-06-06,3.375,3.437505,3.312495,3.312495,30100,2.20833
2000-06-05,3.57813,3.718755,3.375,3.499995,41500,2.33333
2000-06-02,3.625005,3.625005,3.437505,3.5625,38800,2.375
2000-06-01,3.874995,3.874995,3.625005,3.65625,48400,2.4375
2000-05-31,3.84375,3.968745,3.781245,3.781245,32400,2.52083
2000-05-30,3.968745,4.000005,3.625005,3.84375,33400,2.5625
2000-05-26,3.75,3.968745,3.75,3.968745,14400,2.64583
2000-05-25,3.499995,3.874995,3.499995,3.874995,39000,2.58333
2000-05-24,3.515625,3.625005,3.375,3.375,24000,2.25
2000-05-23,3.718755,3.75,3.5625,3.625005,37900,2.41667
2000-05-22,3.687495,3.812505,3.499995,3.687495,34000,2.45833
2000-05-19,3.625005,3.718755,3.437505,3.718755,92700,2.47917
2000-05-18,3.718755,3.718755,3.499995,3.625005,78900,2.41667
2000-05-17,3.687495,3.75,3.687495,3.75,15700,2.50
2000-05-16,3.812505,3.812505,3.687495,3.687495,41500,2.45833
2000-05-15,3.75,3.75,3.687495,3.75,91200,2.50
2000-05-12,3.874995,3.874995,3.625005,3.75,41100,2.50
2000-05-11,3.625005,3.84375,3.625005,3.84375,20500,2.5625
2000-05-10,3.687495,3.874995,3.312495,3.874995,313600,2.58333
2000-05-09,4.125,4.249995,3.9375,3.9375,25800,2.625
2000-05-08,3.65625,4.000005,3.65625,3.906255,98400,2.60417
2000-05-05,3.75,4.062495,3.499995,3.687495,85000,2.45833
2000-05-04,3.968745,3.968745,3.75,3.75,21300,2.50
2000-05-03,3.84375,4.249995,3.84375,3.968745,34900,2.64583
2000-05-02,3.968745,4.343745,3.874995,3.874995,56500,2.58333
2000-05-01,4.187505,4.249995,3.812505,4.000005,49300,2.66667
2000-04-28,3.874995,4.343745,3.874995,4.343745,15600,2.89583
2000-04-27,4.187505,4.187505,3.812505,3.812505,162300,2.54167
2000-04-26,4.000005,4.187505,3.874995,4.187505,18300,2.79167
2000-04-25,4.343745,4.375005,3.874995,4.343745,71200,2.89583
2000-04-24,4.249995,4.375005,3.874995,4.375005,49000,2.91667
2000-04-20,4.125,4.249995,4.062495,4.062495,26700,2.70833
2000-04-19,4.32813,4.40625,4.125,4.375005,30600,2.91667
2000-04-18,4.750005,4.999995,4.249995,4.50,44100,3.00
2000-04-17,4.437495,4.875,4.437495,4.624995,58200,3.08333
2000-04-14,4.937505,4.937505,4.50,4.562505,15700,3.04167
2000-04-13,4.624995,4.875,4.562505,4.875,11400,3.25
2000-04-12,4.843755,4.843755,4.624995,4.843755,27400,3.22917
2000-04-11,4.750005,4.89063,4.624995,4.6875,16600,3.125
2000-04-10,4.96875,4.999995,4.750005,4.750005,36700,3.16667
2000-04-07,4.78125,4.999995,4.78125,4.78125,47200,3.1875
2000-04-06,4.96875,5.0625,4.875,4.999995,26200,3.33333
2000-04-05,4.937505,5.25,4.750005,4.999995,9900,3.33333
2000-04-04,5.187495,5.374995,4.750005,4.937505,53500,3.29167
2000-04-03,5.625,5.625,4.812495,4.999995,24600,3.33333
2000-03-31,4.937505,5.500005,4.937505,5.500005,37900,3.66667
2000-03-30,4.78125,5.125005,4.78125,4.812495,15100,3.20833
2000-03-29,4.78125,5.0625,4.78125,5.0625,6600,3.375
2000-03-28,4.999995,5.312505,4.624995,4.78125,39900,3.1875
2000-03-27,5.406255,5.625,4.875,5.0625,77700,3.375
2000-03-24,5.562495,5.625,5.374995,5.374995,19500,3.58333
2000-03-23,5.8125,6.437505,5.374995,5.500005,55000,3.66667
2000-03-22,5.968755,6.00,5.8125,5.8125,41700,3.875
2000-03-21,6.421875,6.421875,5.749995,5.749995,52200,3.83333
2000-03-20,6.531255,6.5625,6.250005,6.375,18600,4.25
2000-03-17,6.437505,6.499995,6.375,6.499995,372900,4.33333
2000-03-16,6.499995,6.499995,6.124995,6.499995,51100,4.33333
2000-03-15,6.00,6.625005,5.937495,6.124995,85300,4.08333
2000-03-14,6.67188,6.687495,6.00,6.00,61800,4.00
2000-03-13,5.749995,6.625005,5.625,6.499995,156600,4.33333
2000-03-10,5.687505,5.937495,5.4375,5.749995,108400,3.83333
2000-03-09,5.500005,5.625,5.500005,5.562495,88800,3.70833
2000-03-08,5.500005,5.875005,5.500005,5.625,66600,3.75
2000-03-07,5.71875,5.749995,5.34375,5.4375,37500,3.625
2000-03-06,5.4375,5.562495,5.4375,5.562495,128100,3.70833
2000-03-03,5.500005,5.562495,5.4375,5.562495,12700,3.70833
2000-03-02,5.843745,5.843745,5.374995,5.4375,153900,3.625
2000-03-01,5.281245,5.937495,5.281245,5.749995,237900,3.83333
2000-02-29,4.50,5.625,4.375005,5.500005,262000,3.66667
2000-02-28,4.51563,4.624995,4.125,4.375005,488200,2.91667
2000-02-25,4.562505,4.57812,4.343745,4.50,63400,3.00
2000-02-24,4.375005,4.624995,4.375005,4.50,38400,3.00
2000-02-23,4.375005,4.50,4.249995,4.50,19600,3.00
2000-02-22,4.375005,4.59375,4.000005,4.50,10200,3.00
2000-02-18,4.96875,4.96875,4.375005,4.375005,42700,2.91667
2000-02-17,4.999995,4.999995,4.812495,4.96875,22800,3.3125
2000-02-16,4.937505,5.125005,4.812495,4.875,62800,3.25
2000-02-15,4.937505,4.937505,4.50,4.50,376800,3.00
2000-02-14,4.937505,4.999995,4.875,4.906245,65400,3.27083
2000-02-11,4.937505,4.937505,4.906245,4.937505,128200,3.29167
2000-02-10,4.875,4.937505,4.812495,4.937505,65700,3.29167
2000-02-09,4.6875,4.937505,4.6875,4.812495,86500,3.20833
2000-02-08,4.546875,4.750005,4.50,4.6875,199600,3.125
2000-02-07,4.375005,4.624995,4.375005,4.624995,26200,3.08333
2000-02-04,4.39062,4.50,4.375005,4.375005,20800,2.91667
2000-02-03,4.375005,4.50,4.375005,4.375005,26500,2.91667
2000-02-02,4.375005,4.40625,4.375005,4.375005,21900,2.91667
2000-02-01,4.562505,4.624995,4.375005,4.375005,78900,2.91667
2000-01-31,4.59375,4.624995,4.562505,4.624995,70800,3.08333
2000-01-28,4.57812,4.59375,4.562505,4.562505,25500,3.04167
2000-01-27,4.562505,4.6875,4.50,4.562505,52000,3.04167
2000-01-26,4.59375,4.624995,4.50,4.562505,52900,3.04167
2000-01-25,4.562505,4.624995,4.50,4.624995,96700,3.08333
2000-01-24,4.656255,4.6875,4.50,4.562505,45600,3.04167
2000-01-21,4.59375,4.60938,4.562505,4.562505,49500,3.04167
2000-01-20,4.562505,4.6875,4.562505,4.562505,33700,3.04167
2000-01-19,4.562505,4.750005,4.50,4.562505,37200,3.04167
2000-01-18,4.624995,4.6875,4.562505,4.624995,51000,3.08333
2000-01-14,4.624995,4.750005,4.624995,4.624995,36000,3.08333
2000-01-13,4.6875,4.750005,4.624995,4.6875,36600,3.125
2000-01-12,4.624995,4.750005,4.624995,4.656255,58500,3.10417
2000-01-11,4.375005,4.6875,4.375005,4.562505,64600,3.04167
2000-01-10,4.375005,4.50,4.375005,4.375005,9000,2.91667
2000-01-07,4.50,4.50,4.375005,4.437495,15000,2.95833
2000-01-06,4.50,4.50,4.375005,4.375005,29100,2.91667
2000-01-05,4.40625,4.50,4.249995,4.50,57600,3.00
2000-01-04,4.249995,4.40625,4.187505,4.40625,50200,2.9375
2000-01-03,4.249995,4.375005,3.874995,4.375005,134400,2.91667
1999-12-31,3.968745,4.187505,3.968745,4.062495,71100,2.70833
1999-12-30,3.9375,4.062495,3.9375,4.000005,159900,2.66667
1999-12-29,4.03125,4.062495,3.874995,3.9375,249000,2.625
1999-12-28,4.062495,4.156245,4.000005,4.062495,133000,2.70833
1999-12-27,4.249995,4.375005,4.062495,4.062495,84300,2.70833
1999-12-23,4.249995,4.50,4.187505,4.187505,57000,2.79167
1999-12-22,4.249995,4.375005,4.125,4.375005,134800,2.91667
1999-12-21,4.125,4.375005,4.062495,4.343745,114100,2.89583
1999-12-20,4.187505,4.3125,4.062495,4.062495,150000,2.70833
1999-12-17,4.249995,4.249995,4.062495,4.187505,78700,2.79167
1999-12-16,4.125,4.375005,3.625005,4.249995,400900,2.83333
1999-12-15,4.062495,4.249995,3.874995,4.000005,282900,2.66667
1999-12-14,4.40625,4.437495,4.000005,4.000005,160800,2.66667
1999-12-13,4.187505,4.375005,4.000005,4.375005,615000,2.91667
1999-12-10,4.093755,4.187505,4.000005,4.125,109500,2.75
1999-12-09,4.125,4.50,4.000005,4.125,75100,2.75
1999-12-08,4.999995,4.999995,3.75,4.375005,254200,2.91667
1999-12-07,4.750005,4.999995,4.624995,4.875,80400,3.25
1999-12-06,5.25,5.468745,4.750005,4.750005,115600,3.16667
1999-12-03,5.374995,5.53125,5.312505,5.374995,50200,3.58333
1999-12-02,5.374995,5.687505,5.312505,5.374995,26500,3.58333
1999-12-01,5.374995,5.749995,5.374995,5.500005,46300,3.66667
1999-11-30,5.468745,5.562495,5.374995,5.374995,36400,3.58333
1999-11-29,5.500005,5.749995,5.374995,5.749995,87700,3.83333
1999-11-26,5.875005,5.875005,5.500005,5.500005,21000,3.66667
1999-11-24,5.374995,5.875005,5.374995,5.625,67000,3.75
1999-11-23,5.8125,5.8125,5.374995,5.500005,59400,3.66667
1999-11-22,5.687505,6.00,5.625,5.625,60600,3.75
1999-11-19,5.937495,5.968755,5.749995,5.749995,44100,3.83333
1999-11-18,5.625,6.00,5.625,6.00,50700,4.00
1999-11-17,5.875005,5.937495,5.687505,5.875005,263200,3.91667
1999-11-16,5.625,6.031245,5.500005,5.875005,104200,3.91667
1999-11-15,5.374995,5.937495,5.312505,5.687505,222400,3.79167
1999-11-12,5.749995,5.749995,5.125005,5.25,147900,3.50
1999-11-11,5.625,5.875005,5.625,5.8125,16600,3.875
1999-11-10,5.968755,6.00,5.500005,5.875005,49900,3.91667
1999-11-09,5.875005,6.00,5.875005,5.875005,71200,3.91667
1999-11-08,5.749995,6.00,5.687505,5.875005,80500,3.91667
1999-11-05,5.749995,5.749995,5.625,5.749995,55000,3.83333
1999-11-04,5.4375,5.875005,5.374995,5.500005,86100,3.66667
1999-11-03,4.875,5.500005,4.875,5.4375,244300,3.625
1999-11-02,5.562495,5.562495,4.624995,4.937505,110200,3.29167
1999-11-01,5.625,5.687505,5.500005,5.500005,63400,3.66667
1999-10-29,5.625,6.00,5.500005,5.625,140700,3.75
1999-10-28,5.875005,6.00,5.53125,5.875005,22500,3.91667
1999-10-27,5.625,6.00,5.374995,6.00,82500,4.00
1999-10-26,6.00,6.00,5.374995,5.500005,67200,3.66667
1999-10-25,5.875005,6.1875,5.749995,6.1875,128400,4.125
1999-10-22,6.250005,6.250005,5.562495,5.8125,113400,3.875
1999-10-21,5.8125,6.874995,5.625,5.875005,280500,3.91667
1999-10-20,5.8125,6.00,5.749995,6.00,52300,4.00
1999-10-19,5.937495,6.124995,5.749995,5.749995,29500,3.83333
1999-10-18,6.375,6.437505,5.749995,6.00,91200,4.00
1999-10-15,6.5625,6.687495,6.250005,6.499995,64900,4.33333
1999-10-14,6.5625,6.75,6.499995,6.75,21600,4.50
1999-10-13,6.75,6.874995,6.5625,6.5625,29200,4.375
1999-10-12,6.874995,7.000005,6.812505,6.812505,58900,4.54167
1999-10-11,6.9375,7.000005,6.9375,6.9375,79300,4.625
1999-10-08,7.000005,7.062495,6.874995,6.9375,73500,4.625
1999-10-07,6.984375,7.000005,6.812505,7.000005,161200,4.66667
1999-10-06,7.000005,7.000005,6.874995,6.874995,36700,4.58333
1999-10-05,6.874995,7.000005,6.874995,7.000005,30900,4.66667
1999-10-04,6.75,6.968745,6.75,6.874995,12700,4.58333
1999-10-01,7.125,7.125,6.874995,6.9375,196300,4.625
1999-09-30,6.9375,7.000005,6.874995,6.9375,220300,4.625
1999-09-29,7.000005,7.249995,6.9375,6.9375,76200,4.625
1999-09-28,7.000005,7.125,6.9375,6.9375,20800,4.625
1999-09-27,7.000005,7.062495,6.874995,7.000005,40500,4.66667
1999-09-24,6.906255,7.000005,6.874995,7.000005,87100,4.66667
1999-09-23,7.249995,7.249995,6.874995,6.874995,67600,4.58333
1999-09-22,7.000005,7.249995,7.000005,7.249995,34300,4.83333
1999-09-21,7.000005,7.125,6.874995,6.9375,17700,4.625
1999-09-20,6.625005,7.000005,6.531255,6.874995,37000,4.58333
1999-09-17,7.718745,7.812495,6.00,6.312495,250500,4.20833
1999-09-16,7.906245,7.96875,7.812495,7.812495,23200,5.20833
1999-09-15,7.750005,8.374995,7.750005,7.999995,101200,5.33333
1999-09-14,7.50,7.750005,7.437495,7.750005,81000,5.16667
1999-09-13,7.6875,7.6875,7.437495,7.562505,52000,5.04167
1999-09-10,7.437495,7.6875,7.437495,7.437495,21600,4.95833
1999-09-09,7.57812,7.6875,7.437495,7.50,68800,5.00
1999-09-08,7.50,7.624995,7.437495,7.59375,52900,5.0625
1999-09-07,7.50,7.562505,7.437495,7.50,15600,5.00
1999-09-03,7.50,7.6875,7.437495,7.50,50200,5.00
1999-09-02,7.437495,7.437495,7.281255,7.3125,18300,4.875
1999-09-01,7.187505,7.437495,7.187505,7.375005,40600,4.91667
1999-08-31,7.062495,7.3125,7.062495,7.3125,39000,4.875
1999-08-30,6.874995,7.125,6.874995,7.125,213900,4.75
1999-08-27,6.812505,7.062495,6.75,6.874995,282900,4.58333
1999-08-26,6.874995,7.000005,6.75,6.812505,81900,4.54167
1999-08-25,6.9375,6.9375,6.812505,6.9375,10600,4.625
1999-08-24,6.9375,6.9375,6.812505,6.874995,38500,4.58333
1999-08-23,6.812505,7.000005,6.812505,6.874995,100900,4.58333
1999-08-20,6.874995,6.9375,6.812505,6.874995,31500,4.58333
1999-08-19,6.75,7.000005,6.5625,6.874995,322600,4.58333
1999-08-18,6.9375,6.9375,6.5625,6.5625,96600,4.375
1999-08-17,7.000005,7.000005,6.874995,6.9375,30700,4.625
1999-08-16,7.062495,7.093755,6.812505,6.968745,159000,4.64583
1999-08-13,6.437505,7.187505,6.375,7.125,148800,4.75
1999-08-12,6.593745,6.625005,6.250005,6.375,34800,4.25
1999-08-11,6.625005,6.625005,6.250005,6.5625,126300,4.375
1999-08-10,6.75,6.75,6.499995,6.5625,40300,4.375
1999-08-09,6.687495,6.75,6.499995,6.75,110700,4.50
1999-08-06,6.499995,6.625005,6.499995,6.5625,90900,4.375
1999-08-05,6.75,7.000005,6.437505,6.437505,115300,4.29167
1999-08-04,7.000005,7.062495,6.75,6.9375,33100,4.625
1999-08-03,7.32813,7.437495,6.9375,7.062495,106200,4.70833
1999-08-02,7.812495,7.875,7.375005,7.375005,55600,4.91667
1999-07-30,7.999995,7.999995,7.812495,7.875,31300,5.25
1999-07-29,7.6875,7.999995,7.50,7.999995,88900,5.33333
1999-07-28,7.3125,7.6875,7.249995,7.6875,21100,5.125
1999-07-27,7.000005,7.187505,7.000005,7.125,122800,4.75
1999-07-26,7.281255,7.281255,7.000005,7.062495,53500,4.70833
1999-07-23,7.000005,7.281255,7.000005,7.187505,260700,4.79167
1999-07-22,7.249995,7.249995,6.9375,7.062495,126600,4.70833
1999-07-21,7.375005,7.375005,7.062495,7.187505,93400,4.79167
1999-07-20,7.50,7.562505,6.75,7.3125,2233300,4.875
1999-07-19,7.750005,7.937505,7.468755,7.562505,145800,5.04167
1999-07-16,7.999995,7.999995,7.750005,7.812495,131800,5.20833
1999-07-15,7.96875,8.125005,7.750005,8.0625,104200,5.375
1999-07-14,7.999995,8.125005,7.6875,7.999995,38700,5.33333
1999-07-13,7.906245,7.999995,7.50,7.624995,474600,5.08333
1999-07-12,7.78125,7.999995,7.50,7.812495,235000,5.20833
1999-07-09,7.98438,7.999995,7.50,7.50,83200,5.00
1999-07-08,8.500005,8.500005,7.624995,7.999995,186700,5.33333
1999-07-07,9.09375,9.124995,8.562495,8.625,83800,5.75
1999-07-06,9.124995,9.1875,9.00,9.062505,201700,6.04167
1999-07-02,9.00,9.124995,8.8125,9.062505,91300,6.04167
1999-07-01,8.92188,9.00,8.500005,9.00,190300,6.00
1999-06-30,8.374995,8.937495,8.187495,8.937495,474600,5.95833
1999-06-29,7.999995,8.500005,7.999995,8.374995,206200,5.58333
1999-06-28,7.718745,8.125005,7.624995,8.0625,201000,5.375
1999-06-25,7.750005,7.999995,7.6875,7.750005,123400,5.16667
1999-06-24,7.6875,7.750005,7.624995,7.6875,147900,5.125
1999-06-23,7.50,7.6875,7.375005,7.6875,210700,5.125
1999-06-22,7.562505,7.6875,7.375005,7.375005,82600,4.91667
1999-06-21,7.750005,7.750005,7.125,7.50,184600,5.00
1999-06-18,7.40625,7.875,7.32813,7.562505,181300,5.04167
1999-06-17,7.249995,7.50,7.000005,7.437495,230100,4.95833
1999-06-16,6.703125,7.281255,6.65625,6.9375,119800,4.625
1999-06-15,6.874995,6.9375,6.375,6.687495,236100,4.45833
1999-06-14,7.281255,7.50,6.499995,6.625005,377700,4.41667
1999-06-11,7.562505,7.624995,7.249995,7.281255,522300,4.85417
1999-06-10,7.156245,7.624995,7.000005,7.468755,633400,4.97917
1999-06-09,7.437495,7.50,7.000005,7.187505,1132800,4.79167
1999-06-08,7.50,8.625,7.000005,7.437495,8349300,4.95833
1999-06-07,13.999995,13.999995,13.125,13.125,213400,8.75
1999-06-04,13.999995,14.125005,13.750005,13.999995,118500,9.33333
1999-06-03,13.999995,14.625,13.50,13.937505,75100,9.29167
1999-06-02,15.00,15.00,13.875,13.937505,203100,9.29167
1999-06-01,15.00,15.124995,14.749995,15.124995,222900,10.08333
1999-05-28,15.1875,15.250005,13.999995,14.8125,171000,9.875
1999-05-27,15.874995,15.874995,15.00,15.124995,605100,10.08333
1999-05-26,15.812505,15.874995,15.625005,15.75,169000,10.50
1999-05-25,16.000005,16.000005,15.499995,15.499995,240900,10.33333
1999-05-24,16.249995,16.249995,15.874995,15.874995,119400,10.58333
1999-05-21,16.125,16.125,15.874995,16.000005,185800,10.66667
1999-05-20,16.000005,16.000005,15.75,16.000005,95400,10.66667
1999-05-19,15.874995,16.000005,15.625005,15.75,387600,10.50
1999-05-18,15.375,15.874995,15.250005,15.75,546300,10.50
1999-05-17,15.124995,15.437505,15.00,15.375,158400,10.25
1999-05-14,14.500005,15.124995,13.999995,14.875005,234700,9.91667
1999-05-13,15.499995,15.625005,14.875005,14.937495,746100,9.95833
1999-05-12,13.000005,15.375,13.000005,15.250005,2236500,10.16667
1999-05-11,15.124995,15.124995,12.00,12.250005,957300,8.16667
1999-05-10,17.125005,17.125005,13.50,13.999995,867300,9.33333
1999-05-07,16.125,17.125005,15.9375,16.937505,318100,11.29167
1999-05-06,15.874995,16.000005,14.875005,15.812505,250300,10.54167
1999-05-05,15.124995,15.9375,14.374995,15.874995,496300,10.58333
1999-05-04,15.874995,15.874995,14.875005,15.00,546900,10.00
1999-05-03,16.50,16.6875,15.75,16.125,279900,10.75
1999-04-30,18.250005,18.250005,16.125,16.187505,568600,10.79167
1999-04-29,19.875,19.875,17.749995,17.875005,184800,11.91667
1999-04-28,21.250005,21.499995,18.75,19.750005,887200,13.16667
1999-04-27,22.50,22.624995,21.625005,21.75,211500,14.50
1999-04-26,22.000005,22.750005,21.874995,22.437495,215800,14.95833
1999-04-23,23.125005,24.250005,19.000005,22.000005,703600,14.66667
1999-04-22,29.625,29.625,21.375,21.75,1158600,14.50
1999-04-21,28.50,29.875005,28.375005,29.374995,79800,19.58333
1999-04-20,27.625005,28.999995,27.499995,28.187505,252100,18.79167
1999-04-19,26.749995,27.499995,26.749995,27.375,240300,18.25
1999-04-16,27.250005,27.250005,26.749995,27.00,51700,18.00
1999-04-15,27.124995,27.124995,26.25,27.00,44800,18.00
1999-04-14,26.25,27.874995,26.25,27.1875,364300,18.125
1999-04-13,26.0625,26.500005,26.0625,26.500005,408000,17.66667
1999-04-12,27.499995,27.499995,26.125005,26.187495,41200,17.45833
1999-04-09,27.499995,27.499995,27.312495,27.375,30300,18.25
1999-04-08,27.499995,27.625005,27.00,27.375,87100,18.25
1999-04-07,26.749995,27.499995,26.500005,27.375,241300,18.25
1999-04-06,25.624995,26.500005,25.375005,25.999995,55800,17.33333
1999-04-05,25.624995,25.624995,25.375005,25.562505,263800,17.04167
1999-04-01,27.375,27.375,25.812495,25.812495,165300,17.20833
1999-03-31,24.9375,28.624995,24.874995,27.874995,530400,18.58333
1999-03-30,24.00,25.125,24.00,25.125,100600,16.75
1999-03-29,23.25,24.437505,23.125005,24.375,86800,16.25
1999-03-26,23.500005,23.500005,23.125005,23.187495,170100,15.45833
1999-03-25,20.749995,24.00,20.500005,23.25,291300,15.50
1999-03-24,22.50,22.50,20.625,20.625,200700,13.75
1999-03-23,22.750005,22.875,22.50,22.50,30900,15.00
1999-03-22,23.500005,23.749995,22.750005,22.750005,82200,15.16667
1999-03-19,23.500005,24.00,23.500005,23.500005,18000,15.66667
1999-03-18,23.374995,23.749995,23.374995,23.749995,118200,15.83333
1999-03-17,23.500005,23.625,23.125005,23.500005,65400,15.66667
1999-03-16,23.500005,23.875005,23.374995,23.875005,121000,15.91667
1999-03-15,24.124995,24.124995,23.25,23.312505,60600,15.54167
1999-03-12,24.250005,24.625005,24.250005,24.375,15400,16.25
1999-03-11,24.1875,24.5625,24.00,24.5625,5500,16.375
1999-03-10,24.375,24.625005,24.00,24.499995,134700,16.33333
1999-03-09,24.625005,24.625005,24.00,24.312495,98800,16.20833
1999-03-08,23.749995,24.625005,23.749995,24.250005,18900,16.16667
1999-03-05,23.25,24.1875,23.125005,23.749995,105000,15.83333
1999-03-04,23.500005,23.625,23.125005,23.25,162900,15.50
1999-03-03,23.875005,23.875005,23.625,23.8125,16800,15.875
1999-03-02,23.749995,23.875005,23.500005,23.500005,36900,15.66667
1999-03-01,23.875005,24.00,23.625,23.749995,18600,15.83333
1999-02-26,24.312495,24.499995,23.875005,23.875005,98500,15.91667
1999-02-25,24.625005,24.75,24.124995,24.625005,53800,16.41667
1999-02-24,24.499995,24.75,24.250005,24.375,258300,16.25
1999-02-23,23.374995,24.499995,22.50,24.499995,276900,16.33333
1999-02-22,22.875,23.374995,22.249995,23.374995,452800,15.58333
1999-02-19,22.624995,22.999995,22.249995,22.875,317700,15.25
1999-02-18,22.249995,23.125005,22.249995,22.999995,133800,15.33333
1999-02-17,23.500005,23.500005,21.75,22.000005,107800,14.66667
1999-02-16,24.00,24.499995,23.749995,23.749995,23500,15.83333
1999-02-12,25.000005,25.062495,24.00,24.250005,190500,16.16667
1999-02-11,25.999995,25.999995,25.750005,25.875,7300,17.25
1999-02-10,25.999995,26.25,25.875,25.875,13300,17.25
1999-02-09,27.1875,27.312495,25.999995,25.999995,41700,17.33333
1999-02-08,27.124995,27.375,27.124995,27.1875,44400,18.125
1999-02-05,27.625005,28.249995,27.124995,27.499995,42300,18.33333
1999-02-04,28.000005,28.249995,27.625005,27.874995,19600,18.58333
1999-02-03,28.624995,28.875,28.000005,28.000005,18000,18.66667
1999-02-02,28.624995,28.750005,28.375005,28.624995,166500,19.08333
1999-02-01,28.624995,28.999995,28.50,28.750005,361900,19.16667
1999-01-29,29.125005,29.500005,28.999995,29.125005,37500,19.41667
1999-01-28,29.374995,30.00,29.25,29.500005,138900,19.66667
1999-01-27,29.374995,30.00,29.25,29.374995,32200,19.58333
1999-01-26,26.500005,30.625005,26.500005,30.00,423400,20.00
1999-01-25,28.000005,28.249995,25.000005,26.374995,206200,17.58333
1999-01-22,29.125005,29.125005,28.000005,28.624995,41100,19.08333
1999-01-21,28.999995,29.125005,28.875,28.875,66700,19.25
1999-01-20,29.125005,29.125005,28.875,28.875,10500,19.25
1999-01-19,29.125005,29.25,28.875,28.875,166800,19.25
1999-01-15,28.375005,29.125005,28.125,29.125005,217200,19.41667
1999-01-14,28.375005,28.375005,28.125,28.375005,105100,18.91667
1999-01-13,27.499995,28.50,27.499995,28.249995,482500,18.83333
1999-01-12,30.499995,31.125,27.75,28.249995,464200,18.83333
1999-01-11,34.000005,34.000005,30.499995,30.499995,336400,20.33333
1999-01-08,28.375005,35.25,28.375005,34.000005,526000,22.66667
1999-01-07,30.250005,30.250005,28.375005,28.375005,337800,18.91667
1999-01-06,26.875005,30.375,26.25,30.124995,1488600,20.08333
1999-01-05,26.25,26.749995,25.750005,26.25,80100,17.50
1999-01-04,26.500005,27.124995,25.999995,26.125005,695800,17.41667
1998-12-31,28.000005,28.624995,25.750005,26.4375,327100,17.625
1998-12-30,24.250005,29.187495,24.00,27.687495,903600,18.45833
1998-12-29,23.625,23.625,23.500005,23.625,37500,15.75
1998-12-28,23.625,23.625,23.500005,23.625,48600,15.75
1998-12-24,23.875005,23.875005,23.374995,23.374995,24100,15.58333
1998-12-23,23.625,23.625,23.25,23.374995,120900,15.58333
1998-12-22,23.875005,24.75,23.25,23.374995,389200,15.58333
1998-12-21,21.00,23.749995,20.749995,23.749995,284200,15.83333
1998-12-18,19.875,20.749995,19.875,20.749995,72600,13.83333
1998-12-17,19.875,20.25,19.875,20.25,115300,13.50
1998-12-16,20.125005,20.125005,19.875,19.875,105000,13.25
1998-12-15,19.875,19.999995,19.750005,19.937505,158200,13.29167
1998-12-14,19.999995,20.187495,19.624995,19.624995,279100,13.08333
1998-12-11,20.125005,20.187495,19.999995,19.999995,469200,13.33333
1998-12-10,20.187495,20.187495,19.999995,19.999995,396400,13.33333
1998-12-09,19.999995,20.187495,19.937505,20.125005,389500,13.41667
1998-12-08,20.125005,20.562495,19.999995,19.999995,426900,13.33333
1998-12-07,20.125005,20.687505,19.999995,20.125005,888100,13.41667
1998-12-04,19.999995,20.500005,19.50,20.374995,7713700,13.58333
